All calculations,Terminal
"Time in s","Electrical Frequency in Hz"
-0.100000,50.000000
-0.090000,50.000000
-0.080000,50.000000
-0.070000,50.000000
-0.060000,50.000000
-0.050000,50.000000
-0.040000,50.000000
-0.030000,50.000000
-0.020000,50.000000
-0.010000,50.000000
-0.000000,50.000000
0.010000,50.000000
0.020000,50.000000
0.030000,50.000000
0.040000,50.000000
0.050000,50.000000
0.060000,50.000000
0.070000,50.000000
0.080000,50.000000
0.090000,50.000000
0.100000,50.000000
0.110000,50.000000
0.120000,50.000000
0.130000,50.000000
0.140000,50.000000
0.150000,50.000000
0.160000,50.000000
0.170000,50.000000
0.180000,50.000000
0.190000,50.000000
0.200000,50.000000
0.210000,50.000000
0.220000,50.000000
0.230000,50.000000
0.240000,50.000000
0.250000,50.000000
0.260000,50.000000
0.270000,50.000000
0.280000,50.000000
0.290000,50.000000
0.300000,50.000000
0.310000,50.000000
0.320000,50.000000
0.330000,50.000000
0.340000,50.000000
0.350000,50.000000
0.360000,50.000000
0.370000,50.000000
0.380000,50.000000
0.390000,50.000000
0.400000,50.000000
0.410000,50.000000
0.420000,50.000000
0.430000,50.000000
0.440000,50.000000
0.450000,50.000000
0.460000,50.000000
0.470000,50.000000
0.480000,50.000000
0.490000,50.000000
0.500000,50.000000
0.510000,50.000000
0.520000,50.000000
0.530000,50.000000
0.540000,50.000000
0.550000,50.000000
0.560000,50.000000
0.570000,50.000000
0.580000,50.000000
0.590000,50.000000
0.600000,50.000000
0.610000,50.000000
0.620000,50.000000
0.630000,50.000000
0.640000,50.000000
0.650000,50.000000
0.660000,50.000000
0.670000,50.000000
0.680000,50.000000
0.690000,50.000000
0.700000,50.000000
0.710000,50.000000
0.720000,50.000000
0.730000,50.000000
0.740000,50.000000
0.750000,50.000000
0.760000,50.000000
0.770000,50.000000
0.780000,50.000000
0.790000,50.000000
0.800000,50.000000
0.810000,50.000000
0.820000,50.000000
0.830000,50.000000
0.840000,50.000000
0.850000,50.000000
0.860000,50.000000
0.870000,50.000000
0.880000,50.000000
0.890000,50.000000
0.900000,50.000000
0.910000,50.000000
0.920000,50.000000
0.930000,50.000000
0.940000,50.000000
0.950000,50.000000
0.960000,50.000000
0.970000,50.000000
0.980000,50.000000
0.990000,50.000000
1.000000,50.000000
1.010000,50.000000
1.020000,50.000000
1.030000,50.000000
1.040000,50.000000
1.050000,50.000000
1.060000,50.000000
1.070000,50.000000
1.080000,50.000000
1.090000,50.000000
1.100000,50.000000
1.110000,50.000000
1.120000,50.000000
1.130000,50.000000
1.140000,50.000000
1.150000,50.000000
1.160000,50.000000
1.170000,50.000000
1.180000,50.000000
1.190000,50.000000
1.200000,50.000000
1.210000,50.000000
1.220000,50.000000
1.230000,50.000000
1.240000,50.000000
1.250000,50.000000
1.260000,50.000000
1.270000,50.000000
1.280000,50.000000
1.290000,50.000000
1.300000,50.000000
1.310000,50.000000
1.320000,50.000000
1.330000,50.000000
1.340000,50.000000
1.350000,50.000000
1.360000,50.000000
1.370000,50.000000
1.380000,50.000000
1.390000,50.000000
1.400000,50.000000
1.410000,50.000000
1.420000,50.000000
1.430000,50.000000
1.440000,50.000000
1.450000,50.000000
1.460000,50.000000
1.470000,50.000000
1.480000,50.000000
1.490000,50.000000
1.500000,50.000000
1.510000,50.000000
1.520000,50.000000
1.530000,50.000000
1.540000,50.000000
1.550000,50.000000
1.560000,50.000000
1.570000,50.000000
1.580000,50.000000
1.590000,50.000000
1.600000,50.000000
1.610000,50.000000
1.620000,50.000000
1.630000,50.000000
1.640000,50.000000
1.650000,50.000000
1.660000,50.000000
1.670000,50.000000
1.680000,50.000000
1.690000,50.000000
1.700000,50.000000
1.710000,50.000000
1.720000,50.000000
1.730000,50.000000
1.740000,50.000000
1.750000,50.000000
1.760000,50.000000
1.770000,50.000000
1.780000,50.000000
1.790000,50.000000
1.800000,50.000000
1.810000,50.000000
1.820000,50.000000
1.830000,50.000000
1.840000,50.000000
1.850000,50.000000
1.860000,50.000000
1.870000,50.000000
1.880000,50.000000
1.890000,50.000000
1.900000,50.000000
1.910000,50.000000
1.920000,50.000000
1.930000,50.000000
1.940000,50.000000
1.950000,50.000000
1.960000,50.000000
1.970000,50.000000
1.980000,50.000000
1.990000,50.000000
2.000000,50.000000
2.010000,50.000000
2.020000,50.000000
2.030000,50.000000
2.040000,50.000000
2.050000,50.000000
2.060000,50.000000
2.070000,50.000000
2.080000,50.000000
2.090000,50.000000
2.100000,50.000000
2.110000,50.000000
2.120000,50.000000
2.130000,50.000000
2.140000,50.000000
2.150000,50.000000
2.160000,50.000000
2.170000,50.000000
2.180000,50.000000
2.190000,50.000000
2.200000,50.000000
2.210000,50.000000
2.220000,50.000000
2.230000,50.000000
2.240000,50.000000
2.250000,50.000000
2.260000,50.000000
2.270000,50.000000
2.280000,50.000000
2.290000,50.000000
2.300000,50.000000
2.310000,50.000000
2.320000,50.000000
2.330000,50.000000
2.340000,50.000000
2.350000,50.000000
2.360000,50.000000
2.370000,50.000000
2.380000,50.000000
2.390000,50.000000
2.400000,50.000000
2.410000,50.000000
2.420000,50.000000
2.430000,50.000000
2.440000,50.000000
2.450000,50.000000
2.460000,50.000000
2.470000,50.000000
2.480000,50.000000
2.490000,50.000000
2.500000,50.000000
2.510000,50.000000
2.520000,50.000000
2.530000,50.000000
2.540000,50.000000
2.550000,50.000000
2.560000,50.000000
2.570000,50.000000
2.580000,50.000000
2.590000,50.000000
2.600000,50.000000
2.610000,50.000000
2.620000,50.000000
2.630000,50.000000
2.640000,50.000000
2.650000,50.000000
2.660000,50.000000
2.670000,50.000000
2.680000,50.000000
2.690000,50.000000
2.700000,50.000000
2.710000,50.000000
2.720000,50.000000
2.730000,50.000000
2.740000,50.000000
2.750000,50.000000
2.760000,50.000000
2.770000,50.000000
2.780000,50.000000
2.790000,50.000000
2.800000,50.000000
2.810000,50.000000
2.820000,50.000000
2.830000,50.000000
2.840000,50.000000
2.850000,50.000000
2.860000,50.000000
2.870000,50.000000
2.880000,50.000000
2.890000,50.000000
2.900000,50.000000
2.910000,50.000000
2.920000,50.000000
2.930000,50.000000
2.940000,50.000000
2.950000,50.000000
2.960000,50.000000
2.970000,50.000000
2.980000,50.000000
2.990000,50.000000
3.000000,50.000000
3.010000,50.000000
3.020000,50.000000
3.030000,50.000000
3.040000,50.000000
3.050000,50.000000
3.060000,50.000000
3.070000,50.000000
3.080000,50.000000
3.090000,50.000000
3.100000,50.000000
3.110000,50.000000
3.120000,50.000000
3.130000,50.000000
3.140000,50.000000
3.150000,50.000000
3.160000,50.000000
3.170000,50.000000
3.180000,50.000000
3.190000,50.000000
3.200000,50.000000
3.210000,50.000000
3.220000,50.000000
3.230000,50.000000
3.240000,50.000000
3.250000,50.000000
3.260000,50.000000
3.270000,50.000000
3.280000,50.000000
3.290000,50.000000
3.300000,50.000000
3.310000,50.000000
3.320000,50.000000
3.330000,50.000000
3.340000,50.000000
3.350000,50.000000
3.360000,50.000000
3.370000,50.000000
3.380000,50.000000
3.390000,50.000000
3.400000,50.000000
3.410000,50.000000
3.420000,50.000000
3.430000,50.000000
3.440000,50.000000
3.450000,50.000000
3.460000,50.000000
3.470000,50.000000
3.480000,50.000000
3.490000,50.000000
3.500000,50.000000
3.510000,50.000000
3.520000,50.000000
3.530000,50.000000
3.540000,50.000000
3.550000,50.000000
3.560000,50.000000
3.570000,50.000000
3.580000,50.000000
3.590000,50.000000
3.600000,50.000000
3.610000,50.000000
3.620000,50.000000
3.630000,50.000000
3.640000,50.000000
3.650000,50.000000
3.660000,50.000000
3.670000,50.000000
3.680000,50.000000
3.690000,50.000000
3.700000,50.000000
3.710000,50.000000
3.720000,50.000000
3.730000,50.000000
3.740000,50.000000
3.750000,50.000000
3.760000,50.000000
3.770000,50.000000
3.780000,50.000000
3.790000,50.000000
3.800000,50.000000
3.810000,50.000000
3.820000,50.000000
3.830000,50.000000
3.840000,50.000000
3.850000,50.000000
3.860000,50.000000
3.870000,50.000000
3.880000,50.000000
3.890000,50.000000
3.900000,50.000000
3.910000,50.000000
3.920000,50.000000
3.930000,50.000000
3.940000,50.000000
3.950000,50.000000
3.960000,50.000000
3.970000,50.000000
3.980000,50.000000
3.990000,50.000000
4.000000,50.000000
4.010000,50.000000
4.020000,50.000000
4.030000,50.000000
4.040000,50.000000
4.050000,50.000000
4.060000,50.000000
4.070000,50.000000
4.080000,50.000000
4.090000,50.000000
4.100000,50.000000
4.110000,50.000000
4.120000,50.000000
4.130000,50.000000
4.140000,50.000000
4.150000,50.000000
4.160000,50.000000
4.170000,50.000000
4.180000,50.000000
4.190000,50.000000
4.200000,50.000000
4.210000,50.000000
4.220000,50.000000
4.230000,50.000000
4.240000,50.000000
4.250000,50.000000
4.260000,50.000000
4.270000,50.000000
4.280000,50.000000
4.290000,50.000000
4.300000,50.000000
4.310000,50.000000
4.320000,50.000000
4.330000,50.000000
4.340000,50.000000
4.350000,50.000000
4.360000,50.000000
4.370000,50.000000
4.380000,50.000000
4.390000,50.000000
4.400000,50.000000
4.410000,50.000000
4.420000,50.000000
4.430000,50.000000
4.440000,50.000000
4.450000,50.000000
4.460000,50.000000
4.470000,50.000000
4.480000,50.000000
4.490000,50.000000
4.500000,50.000000
4.510000,50.000000
4.520000,50.000000
4.530000,50.000000
4.540000,50.000000
4.550000,50.000000
4.560000,50.000000
4.570000,50.000000
4.580000,50.000000
4.590000,50.000000
4.600000,50.000000
4.610000,50.000000
4.620000,50.000000
4.630000,50.000000
4.640000,50.000000
4.650000,50.000000
4.660000,50.000000
4.670000,50.000000
4.680000,50.000000
4.690000,50.000000
4.700000,50.000000
4.710000,50.000000
4.720000,50.000000
4.730000,50.000000
4.740000,50.000000
4.750000,50.000000
4.760000,50.000000
4.770000,50.000000
4.780000,50.000000
4.790000,50.000000
4.800000,50.000000
4.810000,50.000000
4.820000,50.000000
4.830000,50.000000
4.840000,50.000000
4.850000,50.000000
4.860000,50.000000
4.870000,50.000000
4.880000,50.000000
4.890000,50.000000
4.900000,50.000000
4.910000,50.000000
4.920000,50.000000
4.930000,50.000000
4.940000,50.000000
4.950000,50.000000
4.960000,50.000000
4.970000,50.000000
4.980000,50.000000
4.990000,50.000000
5.000000,50.000000
5.005000,50.000000
5.011667,50.000000
5.021667,49.987884
5.031667,49.979718
5.041667,49.973822
5.051667,49.968975
5.061667,49.964582
5.071667,49.960356
5.081667,49.956162
5.091667,49.951941
5.101667,49.947669
5.111667,49.943339
5.121667,49.938790
5.131667,49.934415
5.141667,49.929961
5.151667,49.925446
5.161667,49.920885
5.171667,49.916291
5.181667,49.911670
5.191667,49.907027
5.201667,49.902367
5.211667,49.897693
5.221667,49.893008
5.231667,49.888315
5.241667,49.883616
5.251667,49.878912
5.261667,49.874205
5.271667,49.869495
5.281667,49.864785
5.291667,49.860075
5.301667,49.855364
5.311667,49.850655
5.321667,49.845946
5.331667,49.841239
5.341667,49.836533
5.351667,49.831829
5.361667,49.827127
5.371667,49.822427
5.381667,49.817729
5.391667,49.813032
5.401667,49.808338
5.411667,49.803646
5.421667,49.798956
5.431667,49.794267
5.441667,49.789581
5.451667,49.784896
5.461667,49.780214
5.471667,49.775533
5.481667,49.770854
5.491667,49.766176
5.501667,49.761501
5.511667,49.756826
5.521667,49.752154
5.531667,49.747483
5.541667,49.742814
5.551667,49.738146
5.561667,49.733480
5.571667,49.728816
5.581667,49.724153
5.591667,49.719492
5.601667,49.714833
5.611667,49.710175
5.621667,49.705519
5.631667,49.700865
5.641667,49.696212
5.651667,49.691562
5.661667,49.686913
5.671667,49.682267
5.681667,49.677623
5.691667,49.672980
5.701667,49.668341
5.711667,49.663703
5.721667,49.659069
5.731667,49.654437
5.741667,49.649807
5.751667,49.645181
5.761667,49.640557
5.771667,49.635937
5.781667,49.631320
5.791667,49.626706
5.801667,49.622096
5.811667,49.617490
5.821667,49.612887
5.831667,49.608289
5.841667,49.603694
5.851667,49.599104
5.861667,49.594519
5.871667,49.589938
5.881667,49.585362
5.891667,49.580791
5.901667,49.576225
5.911667,49.571664
5.921667,49.567109
5.931667,49.562560
5.941667,49.558017
5.951667,49.553479
5.961667,49.548948
5.971667,49.544424
5.981667,49.539906
5.991667,49.535394
6.001667,49.530890
6.011667,49.526393
6.021667,49.521904
6.031667,49.517421
6.041667,49.512947
6.051667,49.508481
6.061667,49.504022
6.071667,49.499573
6.081667,49.495131
6.091667,49.490698
6.101667,49.486275
6.111667,49.481860
6.121667,49.477454
6.131667,49.473058
6.141667,49.468672
6.151667,49.464295
6.161667,49.459929
6.171667,49.455573
6.181667,49.451227
6.191667,49.446891
6.201667,49.442566
6.211667,49.438253
6.221667,49.433950
6.231667,49.429659
6.241667,49.425379
6.251667,49.421111
6.261667,49.416854
6.271667,49.412610
6.281667,49.408377
6.291667,49.404157
6.301667,49.399950
6.311667,49.395755
6.321667,49.391573
6.331667,49.387403
6.341667,49.383247
6.351667,49.379105
6.361667,49.374975
6.371667,49.370860
6.381667,49.366758
6.391667,49.362669
6.401667,49.358595
6.411667,49.354536
6.421667,49.350490
6.431667,49.346459
6.441667,49.342443
6.451667,49.338441
6.461667,49.334454
6.471667,49.330482
6.481667,49.326526
6.491667,49.322584
6.501667,49.318658
6.511667,49.314748
6.521667,49.310853
6.531667,49.306974
6.541667,49.303111
6.551667,49.299264
6.561667,49.295433
6.571667,49.291619
6.581667,49.287821
6.591667,49.284039
6.601667,49.280274
6.611667,49.276525
6.621667,49.272793
6.631667,49.269078
6.641667,49.265380
6.651667,49.261699
6.661667,49.258036
6.671667,49.254389
6.681667,49.250760
6.691667,49.247149
6.701667,49.243555
6.711667,49.239978
6.721667,49.236419
6.731667,49.232878
6.741667,49.229355
6.751667,49.225850
6.761667,49.222362
6.771667,49.218893
6.781667,49.215442
6.791667,49.212009
6.801667,49.208595
6.811667,49.205198
6.821667,49.201821
6.831667,49.198461
6.841667,49.195120
6.851667,49.191798
6.861667,49.188494
6.871667,49.185210
6.881667,49.181943
6.891667,49.178696
6.901667,49.175467
6.911667,49.172258
6.921667,49.169067
6.931667,49.165895
6.941667,49.162742
6.951667,49.159608
6.961667,49.156494
6.971667,49.153398
6.981667,49.150322
6.991667,49.147265
7.001667,49.144227
7.011667,49.141208
7.021667,49.138209
7.031667,49.135229
7.041667,49.132268
7.051667,49.129326
7.061667,49.126404
7.071667,49.123502
7.081667,49.120619
7.091667,49.117755
7.101667,49.114911
7.111667,49.112086
7.121667,49.109281
7.131667,49.106495
7.141667,49.103729
7.151667,49.100982
7.161667,49.098255
7.171667,49.095547
7.181667,49.092859
7.191667,49.090190
7.201667,49.087541
7.211667,49.084912
7.221667,49.082302
7.231667,49.079712
7.241667,49.077141
7.251667,49.074590
7.261667,49.072058
7.271667,49.069546
7.281667,49.067053
7.291667,49.064580
7.301667,49.062127
7.311667,49.059693
7.321667,49.057279
7.331667,49.054884
7.341667,49.052508
7.351667,49.050152
7.361667,49.047816
7.371667,49.045499
7.381667,49.043201
7.391667,49.040923
7.401667,49.038664
7.411667,49.036424
7.421667,49.034204
7.431667,49.032003
7.441667,49.029822
7.451667,49.027660
7.461667,49.025517
7.471667,49.023393
7.481667,49.021289
7.491667,49.019203
7.501667,49.017137
7.511667,49.015090
7.521667,49.013062
7.531667,49.011054
7.541667,49.009064
7.551667,49.007093
7.561667,49.005141
7.571667,49.003208
7.581667,49.001294
7.591667,48.999399
7.601667,48.997523
7.611667,48.995666
7.621667,48.993827
7.631667,48.992007
7.641667,48.990206
7.651667,48.988424
7.661667,48.986660
7.671667,48.984914
7.681667,48.983187
7.691667,48.981479
7.701667,48.979789
7.711667,48.978118
7.721667,48.976465
7.731667,48.974830
7.741667,48.973213
7.751667,48.971615
7.761667,48.970035
7.771667,48.968473
7.781667,48.966929
7.791667,48.965403
7.801667,48.963895
7.811667,48.962405
7.821667,48.960933
7.831667,48.959479
7.841667,48.958042
7.851667,48.956624
7.861667,48.955223
7.871667,48.953839
7.881667,48.952473
7.891667,48.951125
7.901667,48.949794
7.911667,48.948481
7.921667,48.947185
7.931667,48.945906
7.941667,48.944645
7.951667,48.943400
7.961667,48.942173
7.971667,48.940963
7.981667,48.939770
7.991667,48.938594
8.001667,48.937435
8.011667,48.936292
8.021667,48.935167
8.031667,48.934058
8.041667,48.932965
8.051667,48.931890
8.061667,48.930831
8.071667,48.929788
8.081667,48.928762
8.091667,48.927752
8.101667,48.926758
8.111667,48.925781
8.121667,48.924820
8.131667,48.923874
8.141667,48.922945
8.151667,48.922032
8.161667,48.921135
8.171667,48.920253
8.181667,48.919388
8.191667,48.918538
8.201667,48.917703
8.211667,48.916885
8.221667,48.916081
8.231667,48.915293
8.241667,48.914521
8.251667,48.913764
8.261667,48.913022
8.271667,48.912295
8.281667,48.911583
8.291667,48.910886
8.301667,48.910204
8.311667,48.909537
8.321667,48.908885
8.331667,48.908248
8.341667,48.907625
8.351667,48.907017
8.361667,48.906423
8.371667,48.905844
8.381667,48.905279
8.391667,48.904728
8.401667,48.904192
8.411667,48.903669
8.421667,48.903161
8.431667,48.902667
8.441667,48.902187
8.451667,48.901720
8.461667,48.901268
8.471667,48.900829
8.481667,48.900404
8.491667,48.899992
8.501667,48.899594
8.511667,48.899209
8.521667,48.898837
8.531667,48.898479
8.541667,48.898134
8.551667,48.897802
8.561667,48.897483
8.571667,48.897177
8.581667,48.896884
8.591667,48.896604
8.601667,48.896336
8.611667,48.896081
8.621667,48.895839
8.631667,48.895609
8.641667,48.895391
8.651667,48.895186
8.661667,48.894993
8.671667,48.894813
8.681667,48.894644
8.691667,48.894488
8.701667,48.894343
8.711667,48.894210
8.721667,48.894089
8.731667,48.893980
8.741667,48.893883
8.751667,48.893797
8.761667,48.893722
8.771667,48.893659
8.781667,48.893607
8.791667,48.893567
8.801667,48.893537
8.811667,48.893519
8.821667,48.893512
8.831667,48.893515
8.841667,48.893530
8.851667,48.893555
8.861667,48.893591
8.871667,48.893638
8.881667,48.893695
8.891667,48.893763
8.901667,48.893841
8.911667,48.893929
8.921667,48.894028
8.931667,48.894137
8.941667,48.894256
8.951667,48.894384
8.961667,48.894523
8.971667,48.894672
8.981667,48.894830
8.991667,48.894998
9.001667,48.895176
9.011667,48.895363
9.021667,48.895559
9.031667,48.895765
9.041667,48.895981
9.051667,48.896205
9.061667,48.896439
9.071667,48.896681
9.081667,48.896933
9.091667,48.897194
9.101667,48.897463
9.111667,48.897741
9.121667,48.898028
9.131667,48.898323
9.141667,48.898627
9.151667,48.898940
9.161667,48.899260
9.171667,48.899589
9.181667,48.899926
9.191667,48.900272
9.201667,48.900625
9.211667,48.900986
9.221667,48.901356
9.231667,48.901733
9.241667,48.902118
9.251667,48.902510
9.261667,48.902910
9.271667,48.903318
9.281667,48.903733
9.291667,48.904155
9.301667,48.904585
9.311667,48.905022
9.321667,48.905466
9.331667,48.905917
9.341667,48.906375
9.351667,48.906840
9.361667,48.907312
9.371667,48.907790
9.381667,48.908276
9.391667,48.908768
9.401667,48.909266
9.411667,48.909771
9.421667,48.910282
9.431667,48.910800
9.441667,48.911324
9.451667,48.911854
9.461667,48.912390
9.471667,48.912933
9.481667,48.913481
9.491667,48.914035
9.501667,48.914595
9.511667,48.915160
9.521667,48.915732
9.531667,48.916308
9.541667,48.916891
9.551667,48.917479
9.561667,48.918072
9.571667,48.918671
9.581667,48.919274
9.591667,48.919883
9.601667,48.920497
9.611667,48.921117
9.621667,48.921741
9.631667,48.922370
9.641667,48.923003
9.651667,48.923642
9.661667,48.924285
9.671667,48.924933
9.681667,48.925586
9.691667,48.926243
9.701667,48.926904
9.711667,48.927570
9.721667,48.928240
9.731667,48.928914
9.741667,48.929592
9.751667,48.930274
9.761667,48.930961
9.771667,48.931651
9.781667,48.932345
9.791667,48.933044
9.801667,48.933745
9.811667,48.934451
9.821667,48.935160
9.831667,48.935873
9.841667,48.936589
9.851667,48.937309
9.861667,48.938031
9.871667,48.938758
9.881667,48.939487
9.891667,48.940220
9.901667,48.940956
9.911667,48.941695
9.921667,48.942437
9.931667,48.943181
9.941667,48.943929
9.951667,48.944680
9.961667,48.945433
9.971667,48.946189
9.981667,48.946947
9.991666,48.947708
9.996666,48.948472
10.003333,48.948854
10.013333,48.949173
10.023333,48.950039
10.033333,48.950858
10.043333,48.951655
10.053333,48.952443
10.063333,48.953227
10.073333,48.954010
10.083333,48.954793
10.093333,48.955578
10.103333,48.956364
10.113333,48.957151
10.123333,48.957941
10.133333,48.958732
10.143333,48.959525
10.153333,48.960319
10.163333,48.961115
10.173333,48.961913
10.183333,48.962712
10.193333,48.963513
10.203333,48.964314
10.213333,48.965118
10.223333,48.965922
10.233333,48.966728
10.243333,48.967534
10.253333,48.968342
10.263333,48.969151
10.273333,48.969961
10.283333,48.970772
10.293333,48.971584
10.303333,48.972396
10.313333,48.973210
10.323333,48.974024
10.333333,48.974839
10.343333,48.975654
10.353333,48.976470
10.363333,48.977287
10.373333,48.978104
10.383333,48.978922
10.393333,48.979740
10.403333,48.980558
10.413333,48.981377
10.423333,48.982196
10.433333,48.983015
10.443333,48.983834
10.453333,48.984654
10.463333,48.985473
10.473333,48.986293
10.483333,48.987112
10.493333,48.987932
10.503333,48.988751
10.513333,48.989571
10.523333,48.990390
10.533333,48.991208
10.543333,48.992027
10.553333,48.992845
10.563333,48.993663
10.573333,48.994481
10.583333,48.995298
10.593333,48.996114
10.603333,48.996930
10.613333,48.997746
10.623333,48.998561
10.633333,48.999375
10.643333,49.000189
10.653333,49.001001
10.663333,49.001813
10.673333,49.002625
10.683333,49.003435
10.693333,49.004245
10.703333,49.005053
10.713333,49.005861
10.723333,49.006668
10.733333,49.007473
10.743333,49.008278
10.753333,49.009081
10.763333,49.009884
10.773333,49.010685
10.783333,49.011485
10.793333,49.012284
10.803333,49.013081
10.813333,49.013877
10.823333,49.014672
10.833333,49.015466
10.843333,49.016258
10.853333,49.017048
10.863333,49.017837
10.873333,49.018625
10.883333,49.019411
10.893333,49.020195
10.903333,49.020978
10.913333,49.021760
10.923333,49.022539
10.933333,49.023317
10.943333,49.024093
10.953333,49.024868
10.963333,49.025640
10.973333,49.026411
10.983333,49.027180
10.993333,49.027947
11.003333,49.028712
11.013333,49.029475
11.023333,49.030237
11.033333,49.030996
11.043333,49.031753
11.053333,49.032508
11.063333,49.033261
11.073333,49.034013
11.083333,49.034761
11.093333,49.035508
11.103333,49.036253
11.113333,49.036995
11.123333,49.037736
11.133333,49.038473
11.143333,49.039209
11.153333,49.039943
11.163333,49.040674
11.173333,49.041402
11.183333,49.042129
11.193333,49.042853
11.203333,49.043574
11.213333,49.044294
11.223333,49.045010
11.233333,49.045724
11.243333,49.046436
11.253333,49.047145
11.263333,49.047852
11.273333,49.048556
11.283333,49.049258
11.293333,49.049957
11.303333,49.050653
11.313333,49.051347
11.323333,49.052038
11.333333,49.052726
11.343333,49.053412
11.353333,49.054095
11.363333,49.054775
11.373333,49.055452
11.383333,49.056127
11.393333,49.056799
11.403333,49.057468
11.413333,49.058135
11.423333,49.058798
11.433333,49.059459
11.443333,49.060116
11.453333,49.060771
11.463333,49.061423
11.473333,49.062072
11.483333,49.062719
11.493333,49.063362
11.503333,49.064002
11.513333,49.064640
11.523333,49.065274
11.533333,49.065905
11.543333,49.066534
11.553333,49.067159
11.563333,49.067781
11.573333,49.068400
11.583333,49.069017
11.593333,49.069630
11.603333,49.070240
11.613333,49.070847
11.623333,49.071451
11.633333,49.072051
11.643333,49.072649
11.653333,49.073243
11.663333,49.073835
11.673333,49.074423
11.683333,49.075008
11.693333,49.075590
11.703333,49.076168
11.713333,49.076744
11.723333,49.077316
11.733333,49.077885
11.743333,49.078451
11.753333,49.079014
11.763333,49.079573
11.773333,49.080129
11.783333,49.080682
11.793333,49.081232
11.803333,49.081778
11.813333,49.082321
11.823333,49.082861
11.833333,49.083398
11.843333,49.083931
11.853333,49.084461
11.863333,49.084987
11.873333,49.085511
11.883333,49.086031
11.893333,49.086548
11.903333,49.087061
11.913333,49.087571
11.923333,49.088078
11.933333,49.088581
11.943333,49.089081
11.953333,49.089578
11.963333,49.090072
11.973333,49.090562
11.983333,49.091048
11.993333,49.091532
12.003333,49.092012
12.013333,49.092489
12.023333,49.092962
12.033333,49.093432
12.043333,49.093898
12.053333,49.094362
12.063333,49.094821
12.073333,49.095278
12.083333,49.095731
12.093333,49.096181
12.103333,49.096627
12.113333,49.097070
12.123333,49.097510
12.133333,49.097946
12.143333,49.098379
12.153333,49.098808
12.163333,49.099235
12.173333,49.099657
12.183333,49.100077
12.193333,49.100493
12.203333,49.100905
12.213333,49.101315
12.223333,49.101721
12.233333,49.102123
12.243333,49.102522
12.253333,49.102918
12.263333,49.103311
12.273333,49.103700
12.283333,49.104086
12.293333,49.104468
12.303333,49.104847
12.313333,49.105223
12.323333,49.105595
12.333333,49.105965
12.343333,49.106330
12.353333,49.106693
12.363333,49.107052
12.373333,49.107408
12.383333,49.107760
12.393333,49.108109
12.403333,49.108455
12.413333,49.108797
12.423333,49.109137
12.433333,49.109473
12.443333,49.109805
12.453333,49.110135
12.463333,49.110461
12.473333,49.110783
12.483333,49.111103
12.493333,49.111419
12.503333,49.111732
12.513333,49.112042
12.523333,49.112348
12.533333,49.112652
12.543333,49.112952
12.553333,49.113248
12.563333,49.113542
12.573333,49.113832
12.583333,49.114119
12.593333,49.114403
12.603333,49.114684
12.613333,49.114962
12.623333,49.115236
12.633333,49.115507
12.643333,49.115775
12.653333,49.116040
12.663333,49.116302
12.673333,49.116560
12.683333,49.116816
12.693333,49.117068
12.703333,49.117317
12.713333,49.117563
12.723333,49.117806
12.733333,49.118046
12.743333,49.118283
12.753333,49.118517
12.763333,49.118747
12.773333,49.118975
12.783333,49.119200
12.793333,49.119421
12.803333,49.119640
12.813333,49.119855
12.823333,49.120068
12.833333,49.120277
12.843333,49.120483
12.853333,49.120687
12.863333,49.120887
12.873333,49.121085
12.883333,49.121280
12.893333,49.121471
12.903333,49.121660
12.913333,49.121846
12.923333,49.122029
12.933333,49.122209
12.943333,49.122386
12.953333,49.122560
12.963333,49.122731
12.973333,49.122900
12.983333,49.123066
12.993333,49.123228
13.003333,49.123388
13.013333,49.123546
13.023333,49.123700
13.033333,49.123851
13.043333,49.124000
13.053333,49.124146
13.063333,49.124290
13.073333,49.124430
13.083333,49.124568
13.093333,49.124703
13.103333,49.124835
13.113333,49.124965
13.123333,49.125092
13.133333,49.125216
13.143333,49.125338
13.153333,49.125457
13.163333,49.125573
13.173333,49.125687
13.183333,49.125798
13.193333,49.125906
13.203333,49.126012
13.213333,49.126116
13.223333,49.126216
13.233333,49.126314
13.243333,49.126410
13.253333,49.126503
13.263333,49.126594
13.273333,49.126682
13.283333,49.126767
13.293333,49.126851
13.303333,49.126931
13.313333,49.127009
13.323333,49.127085
13.333333,49.127159
13.343333,49.127229
13.353333,49.127298
13.363333,49.127364
13.373333,49.127428
13.383333,49.127489
13.393333,49.127548
13.403333,49.127605
13.413333,49.127659
13.423333,49.127711
13.433333,49.127761
13.443333,49.127809
13.453333,49.127854
13.463333,49.127897
13.473333,49.127938
13.483333,49.127976
13.493333,49.128012
13.503333,49.128047
13.513333,49.128078
13.523333,49.128108
13.533333,49.128136
13.543333,49.128161
13.553333,49.128184
13.563333,49.128205
13.573333,49.128224
13.583333,49.128241
13.593333,49.128256
13.603333,49.128269
13.613333,49.128280
13.623333,49.128288
13.633333,49.128295
13.643333,49.128300
13.653333,49.128302
13.663333,49.128303
13.673333,49.128302
13.683333,49.128299
13.693333,49.128293
13.703333,49.128286
13.713333,49.128277
13.723333,49.128266
13.733333,49.128253
13.743333,49.128239
13.753333,49.128222
13.763333,49.128204
13.773333,49.128183
13.783333,49.128161
13.793333,49.128137
13.803333,49.128112
13.813333,49.128084
13.823333,49.128055
13.833333,49.128024
13.843333,49.127991
13.853333,49.127957
13.863333,49.127921
13.873333,49.127883
13.883333,49.127843
13.893333,49.127802
13.903333,49.127759
13.913333,49.127715
13.923333,49.127669
13.933333,49.127621
13.943333,49.127572
13.953333,49.127521
13.963333,49.127468
13.973333,49.127414
13.983333,49.127359
13.993333,49.127302
14.003333,49.127243
14.013333,49.127183
14.023333,49.127121
14.033333,49.127058
14.043333,49.126994
14.053333,49.126928
14.063333,49.126860
14.073333,49.126791
14.083333,49.126721
14.093333,49.126649
14.103333,49.126576
14.113333,49.126502
14.123333,49.126426
14.133333,49.126349
14.143333,49.126270
14.153333,49.126191
14.163333,49.126110
14.173333,49.126027
14.183333,49.125944
14.193333,49.125859
14.203333,49.125773
14.213333,49.125685
14.223333,49.125597
14.233333,49.125507
14.243333,49.125416
14.253333,49.125324
14.263333,49.125230
14.273333,49.125136
14.283333,49.125040
14.293333,49.124943
14.303333,49.124845
14.313333,49.124746
14.323333,49.124646
14.333333,49.124545
14.343333,49.124443
14.353333,49.124340
14.363333,49.124235
14.373333,49.124130
14.383333,49.124024
14.393333,49.123916
14.403333,49.123808
14.413333,49.123699
14.423333,49.123588
14.433333,49.123477
14.443333,49.123365
14.453333,49.123252
14.463333,49.123138
14.473333,49.123023
14.483333,49.122907
14.493333,49.122790
14.503333,49.122673
14.513333,49.122554
14.523333,49.122435
14.533333,49.122315
14.543333,49.122194
14.553333,49.122072
14.563333,49.121950
14.573333,49.121827
14.583333,49.121703
14.593333,49.121578
14.603333,49.121452
14.613333,49.121326
14.623333,49.121199
14.633333,49.121071
14.643333,49.120943
14.653333,49.120814
14.663333,49.120684
14.673333,49.120554
14.683333,49.120423
14.693333,49.120291
14.703333,49.120159
14.713333,49.120026
14.723333,49.119892
14.733333,49.119758
14.743333,49.119623
14.753333,49.119488
14.763333,49.119352
14.773333,49.119216
14.783333,49.119079
14.793333,49.118941
14.803333,49.118803
14.813333,49.118665
14.823333,49.118526
14.833333,49.118386
14.843333,49.118246
14.853333,49.118106
14.863333,49.117965
14.873333,49.117824
14.883333,49.117682
14.893333,49.117540
14.903333,49.117397
14.913333,49.117255
14.923333,49.117111
14.933333,49.116967
14.943333,49.116823
14.953333,49.116679
14.963333,49.116534
14.973333,49.116389
14.983333,49.116244
14.993333,49.116098
15.003333,49.115952
15.013333,49.115805
15.023333,49.115659
15.033333,49.115512
15.043333,49.115365
15.053333,49.115217
15.063333,49.115069
15.073333,49.114921
15.083333,49.114773
15.093333,49.114625
15.103333,49.114476
15.113333,49.114327
15.123333,49.114178
15.133333,49.114029
15.143333,49.113880
15.153333,49.113730
15.163333,49.113581
15.173333,49.113431
15.183333,49.113281
15.193333,49.113131
15.203333,49.112981
15.213333,49.112830
15.223333,49.112680
15.233333,49.112529
15.243333,49.112379
15.253333,49.112228
15.263333,49.112077
15.273333,49.111927
15.283333,49.111776
15.293333,49.111625
15.303333,49.111474
15.313333,49.111323
15.323333,49.111172
15.333333,49.111021
15.343333,49.110870
15.353333,49.110719
15.363333,49.110568
15.373333,49.110417
15.383333,49.110266
15.393333,49.110115
15.403333,49.109964
15.413333,49.109814
15.423333,49.109663
15.433333,49.109512
15.443333,49.109362
15.453333,49.109211
15.463333,49.109061
15.473333,49.108910
15.483333,49.108760
15.493333,49.108610
15.503333,49.108460
15.513333,49.108310
15.523333,49.108161
15.533333,49.108011
15.543333,49.107862
15.553333,49.107712
15.563333,49.107563
15.573333,49.107414
15.583333,49.107266
15.593333,49.107117
15.603333,49.106969
15.613333,49.106820
15.623333,49.106672
15.633333,49.106525
15.643333,49.106377
15.653333,49.106230
15.663333,49.106083
15.673333,49.105936
15.683333,49.105789
15.693333,49.105643
15.703333,49.105497
15.713333,49.105351
15.723333,49.105205
15.733333,49.105060
15.743333,49.104915
15.753333,49.104770
15.763333,49.104625
15.773333,49.104481
15.783333,49.104337
15.793333,49.104194
15.803333,49.104050
15.813333,49.103907
15.823333,49.103765
15.833333,49.103622
15.843333,49.103480
15.853333,49.103338
15.863333,49.103197
15.873333,49.103056
15.883333,49.102915
15.893333,49.102775
15.903333,49.102635
15.913333,49.102496
15.923333,49.102356
15.933333,49.102218
15.943333,49.102079
15.953333,49.101941
15.963333,49.101803
15.973333,49.101666
15.983333,49.101529
15.993333,49.101393
16.003333,49.101257
16.013333,49.101121
16.023333,49.100986
16.033333,49.100851
16.043333,49.100717
16.053333,49.100583
16.063333,49.100449
16.073333,49.100316
16.083333,49.100183
16.093333,49.100051
16.103333,49.099919
16.113333,49.099788
16.123333,49.099657
16.133333,49.099527
16.143333,49.099397
16.153333,49.099267
16.163333,49.099138
16.173333,49.099010
16.183333,49.098882
16.193333,49.098754
16.203333,49.098627
16.213333,49.098501
16.223333,49.098374
16.233333,49.098249
16.243333,49.098124
16.253333,49.097999
16.263333,49.097875
16.273333,49.097751
16.283333,49.097628
16.293333,49.097506
16.303333,49.097384
16.313333,49.097262
16.323333,49.097141
16.333333,49.097021
16.343333,49.096901
16.353333,49.096781
16.363333,49.096662
16.373333,49.096544
16.383333,49.096426
16.393333,49.096309
16.403333,49.096192
16.413333,49.096076
16.423333,49.095960
16.433333,49.095845
16.443333,49.095731
16.453333,49.095617
16.463333,49.095503
16.473333,49.095390
16.483333,49.095278
16.493333,49.095166
16.503333,49.095055
16.513333,49.094944
16.523333,49.094834
16.533333,49.094725
16.543333,49.094616
16.553333,49.094508
16.563333,49.094400
16.573333,49.094293
16.583333,49.094186
16.593333,49.094080
16.603333,49.093975
16.613333,49.093870
16.623333,49.093765
16.633333,49.093662
16.643333,49.093559
16.653333,49.093456
16.663333,49.093354
16.673333,49.093253
16.683333,49.093152
16.693333,49.093052
16.703333,49.092952
16.713333,49.092853
16.723333,49.092755
16.733333,49.092657
16.743333,49.092560
16.753333,49.092464
16.763333,49.092368
16.773333,49.092272
16.783333,49.092177
16.793333,49.092083
16.803333,49.091990
16.813333,49.091897
16.823333,49.091804
16.833333,49.091713
16.843333,49.091622
16.853333,49.091531
16.863333,49.091441
16.873333,49.091352
16.883333,49.091263
16.893333,49.091175
16.903333,49.091088
16.913333,49.091001
16.923333,49.090914
16.933333,49.090829
16.943333,49.090744
16.953333,49.090659
16.963333,49.090576
16.973333,49.090492
16.983333,49.090410
16.993333,49.090328
17.003333,49.090246
17.013333,49.090166
17.023333,49.090086
17.033333,49.090006
17.043333,49.089927
17.053333,49.089849
17.063333,49.089771
17.073333,49.089694
17.083333,49.089618
17.093333,49.089542
17.103333,49.089466
17.113333,49.089392
17.123333,49.089318
17.133333,49.089244
17.143333,49.089172
17.153333,49.089099
17.163333,49.089028
17.173333,49.088957
17.183333,49.088886
17.193333,49.088817
17.203333,49.088747
17.213333,49.088679
17.223333,49.088611
17.233333,49.088544
17.243333,49.088477
17.253333,49.088411
17.263333,49.088345
17.273333,49.088280
17.283333,49.088216
17.293333,49.088152
17.303333,49.088089
17.313333,49.088026
17.323333,49.087965
17.333333,49.087903
17.343333,49.087842
17.353333,49.087782
17.363333,49.087723
17.373333,49.087664
17.383333,49.087605
17.393333,49.087548
17.403333,49.087490
17.413333,49.087434
17.423333,49.087378
17.433333,49.087322
17.443333,49.087267
17.453333,49.087213
17.463333,49.087160
17.473333,49.087106
17.483333,49.087054
17.493333,49.087002
17.503333,49.086951
17.513333,49.086900
17.523333,49.086850
17.533333,49.086800
17.543333,49.086751
17.553333,49.086702
17.563333,49.086654
17.573333,49.086607
17.583333,49.086560
17.593333,49.086514
17.603333,49.086468
17.613333,49.086423
17.623333,49.086379
17.633333,49.086335
17.643333,49.086291
17.653333,49.086248
17.663333,49.086206
17.673333,49.086164
17.683333,49.086123
17.693333,49.086082
17.703333,49.086042
17.713333,49.086003
17.723333,49.085964
17.733333,49.085925
17.743333,49.085887
17.753333,49.085850
17.763333,49.085813
17.773333,49.085776
17.783333,49.085741
17.793333,49.085705
17.803333,49.085670
17.813333,49.085636
17.823333,49.085603
17.833333,49.085569
17.843333,49.085537
17.853333,49.085505
17.863333,49.085473
17.873333,49.085442
17.883333,49.085411
17.893333,49.085381
17.903333,49.085351
17.913333,49.085322
17.923333,49.085294
17.933333,49.085266
17.943333,49.085238
17.953333,49.085211
17.963333,49.085185
17.973333,49.085158
17.983333,49.085133
17.993333,49.085108
18.003333,49.085083
18.013333,49.085059
18.023333,49.085035
18.033333,49.085012
18.043333,49.084990
18.053333,49.084967
18.063333,49.084946
18.073333,49.084924
18.083333,49.084904
18.093333,49.084883
18.103333,49.084863
18.113333,49.084844
18.123333,49.084825
18.133333,49.084807
18.143333,49.084789
18.153333,49.084771
18.163333,49.084754
18.173333,49.084737
18.183333,49.084721
18.193333,49.084705
18.203333,49.084690
18.213333,49.084675
18.223333,49.084661
18.233333,49.084647
18.243333,49.084633
18.253333,49.084620
18.263333,49.084607
18.273333,49.084595
18.283333,49.084583
18.293333,49.084572
18.303333,49.084561
18.313333,49.084550
18.323333,49.084540
18.333333,49.084530
18.343333,49.084521
18.353333,49.084512
18.363333,49.084504
18.373333,49.084495
18.383333,49.084488
18.393333,49.084480
18.403333,49.084473
18.413333,49.084467
18.423333,49.084461
18.433333,49.084455
18.443333,49.084450
18.453333,49.084445
18.463333,49.084440
18.473333,49.084436
18.483333,49.084432
18.493333,49.084428
18.503333,49.084425
18.513333,49.084423
18.523333,49.084420
18.533333,49.084418
18.543333,49.084417
18.553333,49.084415
18.563333,49.084414
18.573333,49.084414
18.583333,49.084413
18.593333,49.084414
18.603333,49.084414
18.613333,49.084415
18.623333,49.084416
18.633333,49.084418
18.643333,49.084419
18.653333,49.084421
18.663333,49.084424
18.673333,49.084427
18.683333,49.084430
18.693333,49.084433
18.703333,49.084437
18.713333,49.084441
18.723333,49.084446
18.733333,49.084450
18.743333,49.084456
18.753333,49.084461
18.763333,49.084467
18.773333,49.084473
18.783333,49.084479
18.793333,49.084485
18.803333,49.084492
18.813333,49.084499
18.823333,49.084507
18.833333,49.084515
18.843333,49.084523
18.853333,49.084531
18.863333,49.084540
18.873333,49.084548
18.883333,49.084558
18.893333,49.084567
18.903333,49.084577
18.913333,49.084587
18.923333,49.084597
18.933333,49.084607
18.943333,49.084618
18.953333,49.084629
18.963333,49.084641
18.973333,49.084652
18.983333,49.084664
18.993333,49.084676
19.003333,49.084688
19.013333,49.084701
19.023333,49.084714
19.033333,49.084727
19.043333,49.084740
19.053333,49.084753
19.063333,49.084767
19.073333,49.084781
19.083333,49.084795
19.093333,49.084810
19.103333,49.084824
19.113333,49.084839
19.123333,49.084854
19.133333,49.084869
19.143333,49.084885
19.153333,49.084901
19.163333,49.084917
19.173333,49.084933
19.183333,49.084949
19.193333,49.084966
19.203333,49.084982
19.213333,49.084999
19.223333,49.085016
19.233333,49.085034
19.243333,49.085051
19.253333,49.085069
19.263333,49.085087
19.273333,49.085105
19.283333,49.085123
19.293333,49.085141
19.303333,49.085160
19.313333,49.085179
19.323333,49.085198
19.333333,49.085217
19.343333,49.085236
19.353333,49.085256
19.363333,49.085275
19.373333,49.085295
19.383333,49.085315
19.393333,49.085335
19.403333,49.085355
19.413333,49.085376
19.423333,49.085396
19.433333,49.085417
19.443333,49.085438
19.453333,49.085459
19.463333,49.085480
19.473333,49.085501
19.483333,49.085523
19.493333,49.085544
19.503333,49.085566
19.513333,49.085588
19.523333,49.085610
19.533333,49.085632
19.543333,49.085654
19.553333,49.085676
19.563333,49.085699
19.573333,49.085721
19.583333,49.085744
19.593333,49.085767
19.603333,49.085790
19.613333,49.085813
19.623333,49.085836
19.633333,49.085859
19.643333,49.085882
19.653333,49.085906
19.663333,49.085929
19.673333,49.085953
19.683333,49.085977
19.693333,49.086000
19.703333,49.086024
19.713333,49.086048
19.723333,49.086072
19.733333,49.086097
19.743333,49.086121
19.753333,49.086145
19.763333,49.086170
19.773333,49.086194
19.783333,49.086219
19.793333,49.086243
19.803333,49.086268
19.813333,49.086293
19.823333,49.086318
19.833333,49.086343
19.843333,49.086368
19.853333,49.086393
19.863333,49.086418
19.873333,49.086443
19.883333,49.086468
19.893333,49.086494
19.903333,49.086519
19.913333,49.086544
19.923333,49.086570
19.933333,49.086595
19.943333,49.086621
19.953333,49.086647
19.963333,49.086672
19.973333,49.086698
19.983333,49.086724
19.993333,49.086749
20.003333,49.086775
20.013333,49.086801
20.023333,49.086827
20.033333,49.086853
20.043333,49.086879
20.053333,49.086905
20.063333,49.086931
20.073333,49.086957
20.083333,49.086983
20.093333,49.087009
20.103333,49.087035
20.113333,49.087061
20.123333,49.087087
20.133333,49.087113
20.143333,49.087140
20.153333,49.087166
20.163333,49.087192
20.173333,49.087218
20.183333,49.087244
20.193333,49.087271
20.203333,49.087297
20.213333,49.087323
20.223333,49.087349
20.233333,49.087376
20.243333,49.087402
20.253333,49.087428
20.263333,49.087454
20.273333,49.087481
20.283333,49.087507
20.293333,49.087533
20.303333,49.087559
20.313333,49.087585
20.323333,49.087612
20.333333,49.087638
20.343333,49.087664
20.353333,49.087690
20.363333,49.087716
20.373333,49.087742
20.383333,49.087769
20.393333,49.087795
20.403333,49.087821
20.413333,49.087847
20.423333,49.087873
20.433333,49.087899
20.443333,49.087925
20.453333,49.087951
20.463333,49.087976
20.473333,49.088002
20.483333,49.088028
20.493333,49.088054
20.503333,49.088080
20.513333,49.088106
20.523333,49.088131
20.533333,49.088157
20.543333,49.088183
20.553333,49.088208
20.563333,49.088234
20.573333,49.088259
20.583333,49.088285
20.593333,49.088310
20.603333,49.088336
20.613333,49.088361
20.623333,49.088386
20.633333,49.088411
20.643333,49.088437
20.653333,49.088462
20.663333,49.088487
20.673333,49.088512
20.683333,49.088537
20.693333,49.088562
20.703333,49.088587
20.713333,49.088612
20.723333,49.088636
20.733333,49.088661
20.743333,49.088686
20.753333,49.088710
20.763333,49.088735
20.773333,49.088759
20.783333,49.088784
20.793333,49.088808
20.803333,49.088832
20.813333,49.088857
20.823333,49.088881
20.833333,49.088905
20.843333,49.088929
20.853333,49.088953
20.863333,49.088977
20.873333,49.089001
20.883333,49.089024
20.893333,49.089048
20.903333,49.089072
20.913333,49.089095
20.923333,49.089119
20.933333,49.089142
20.943333,49.089165
20.953333,49.089188
20.963333,49.089212
20.973333,49.089235
20.983333,49.089258
20.993333,49.089281
21.003333,49.089303
21.013333,49.089326
21.023333,49.089349
21.033333,49.089371
21.043333,49.089394
21.053333,49.089416
21.063333,49.089439
21.073333,49.089461
21.083333,49.089483
21.093333,49.089505
21.103333,49.089527
21.113333,49.089549
21.123333,49.089571
21.133333,49.089593
21.143333,49.089614
21.153333,49.089636
21.163333,49.089658
21.173333,49.089679
21.183333,49.089700
21.193333,49.089721
21.203333,49.089743
21.213333,49.089764
21.223333,49.089785
21.233333,49.089805
21.243333,49.089826
21.253333,49.089847
21.263333,49.089867
21.273333,49.089888
21.283333,49.089908
21.293333,49.089928
21.303333,49.089949
21.313333,49.089969
21.323333,49.089989
21.333333,49.090009
21.343333,49.090028
21.353333,49.090048
21.363333,49.090068
21.373333,49.090087
21.383333,49.090107
21.393333,49.090126
21.403333,49.090145
21.413333,49.090164
21.423333,49.090183
21.433333,49.090202
21.443333,49.090221
21.453333,49.090240
21.463333,49.090258
21.473333,49.090277
21.483333,49.090295
21.493333,49.090313
21.503333,49.090332
21.513333,49.090350
21.523333,49.090368
21.533333,49.090385
21.543333,49.090403
21.553333,49.090421
21.563333,49.090438
21.573333,49.090456
21.583333,49.090473
21.593333,49.090490
21.603333,49.090508
21.613333,49.090525
21.623333,49.090542
21.633333,49.090558
21.643333,49.090575
21.653333,49.090592
21.663333,49.090608
21.673333,49.090625
21.683333,49.090641
21.693333,49.090657
21.703333,49.090673
21.713333,49.090689
21.723333,49.090705
21.733333,49.090721
21.743333,49.090736
21.753333,49.090752
21.763333,49.090767
21.773333,49.090783
21.783333,49.090798
21.793333,49.090813
21.803333,49.090828
21.813333,49.090843
21.823333,49.090858
21.833333,49.090873
21.843333,49.090887
21.853333,49.090902
21.863333,49.090916
21.873333,49.090930
21.883333,49.090944
21.893333,49.090958
21.903333,49.090972
21.913333,49.090986
21.923333,49.091000
21.933333,49.091013
21.943333,49.091027
21.953333,49.091040
21.963333,49.091054
21.973333,49.091067
21.983333,49.091080
21.993333,49.091093
22.003333,49.091106
22.013333,49.091118
22.023333,49.091131
22.033333,49.091144
22.043333,49.091156
22.053333,49.091168
22.063333,49.091180
22.073333,49.091193
22.083333,49.091205
22.093333,49.091216
22.103333,49.091228
22.113333,49.091240
22.123333,49.091251
22.133333,49.091263
22.143333,49.091274
22.153333,49.091285
22.163333,49.091297
22.173333,49.091308
22.183333,49.091319
22.193333,49.091329
22.203333,49.091340
22.213333,49.091351
22.223333,49.091361
22.233333,49.091372
22.243333,49.091382
22.253333,49.091392
22.263333,49.091402
22.273333,49.091412
22.283333,49.091422
22.293333,49.091432
22.303333,49.091442
22.313333,49.091451
22.323333,49.091461
22.333333,49.091470
22.343333,49.091479
22.353333,49.091488
22.363333,49.091497
22.373333,49.091506
22.383333,49.091515
22.393333,49.091524
22.403333,49.091533
22.413333,49.091541
22.423333,49.091550
22.433333,49.091558
22.443333,49.091566
22.453333,49.091574
22.463333,49.091582
22.473333,49.091590
22.483333,49.091598
22.493333,49.091606
22.503333,49.091613
22.513333,49.091621
22.523333,49.091628
22.533333,49.091636
22.543333,49.091643
22.553333,49.091650
22.563333,49.091657
22.573333,49.091664
22.583333,49.091671
22.593333,49.091678
22.603333,49.091684
22.613333,49.091691
22.623333,49.091698
22.633333,49.091704
22.643333,49.091710
22.653333,49.091716
22.663333,49.091722
22.673333,49.091728
22.683333,49.091734
22.693333,49.091740
22.703333,49.091746
22.713333,49.091752
22.723333,49.091757
22.733333,49.091763
22.743333,49.091768
22.753333,49.091773
22.763333,49.091778
22.773333,49.091783
22.783333,49.091788
22.793333,49.091793
22.803333,49.091798
22.813333,49.091803
22.823333,49.091807
22.833333,49.091812
22.843333,49.091817
22.853333,49.091821
22.863333,49.091825
22.873333,49.091829
22.883333,49.091833
22.893333,49.091838
22.903333,49.091841
22.913333,49.091845
22.923333,49.091849
22.933333,49.091853
22.943333,49.091856
22.953333,49.091860
22.963333,49.091863
22.973333,49.091867
22.983333,49.091870
22.993333,49.091873
23.003333,49.091876
23.013333,49.091879
23.023333,49.091882
23.033333,49.091885
23.043333,49.091888
23.053333,49.091891
23.063333,49.091893
23.073333,49.091896
23.083333,49.091898
23.093333,49.091901
23.103333,49.091903
23.113333,49.091905
23.123333,49.091907
23.133333,49.091909
23.143333,49.091911
23.153333,49.091913
23.163333,49.091915
23.173333,49.091917
23.183333,49.091919
23.193333,49.091920
23.203333,49.091922
23.213333,49.091923
23.223333,49.091925
23.233333,49.091926
23.243333,49.091927
23.253333,49.091929
23.263333,49.091930
23.273333,49.091931
23.283333,49.091932
23.293333,49.091933
23.303333,49.091934
23.313333,49.091934
23.323333,49.091935
23.333333,49.091936
23.343333,49.091936
23.353333,49.091937
23.363333,49.091937
23.373333,49.091938
23.383333,49.091938
23.393333,49.091938
23.403333,49.091938
23.413333,49.091938
23.423333,49.091939
23.433333,49.091939
23.443333,49.091938
23.453333,49.091938
23.463333,49.091938
23.473333,49.091938
23.483333,49.091938
23.493333,49.091937
23.503333,49.091937
23.513333,49.091936
23.523333,49.091936
23.533333,49.091935
23.543333,49.091934
23.553333,49.091934
23.563333,49.091933
23.573333,49.091932
23.583333,49.091931
23.593333,49.091930
23.603333,49.091929
23.613333,49.091928
23.623333,49.091927
23.633333,49.091926
23.643333,49.091925
23.653333,49.091923
23.663333,49.091922
23.673333,49.091920
23.683333,49.091919
23.693333,49.091918
23.703333,49.091916
23.713333,49.091914
23.723333,49.091913
23.733333,49.091911
23.743333,49.091909
23.753333,49.091907
23.763333,49.091906
23.773333,49.091904
23.783333,49.091902
23.793333,49.091900
23.803333,49.091898
23.813333,49.091896
23.823333,49.091893
23.833333,49.091891
23.843333,49.091889
23.853333,49.091887
23.863333,49.091884
23.873333,49.091882
23.883333,49.091880
23.893333,49.091877
23.903333,49.091875
23.913333,49.091872
23.923333,49.091870
23.933333,49.091867
23.943333,49.091864
23.953333,49.091862
23.963333,49.091859
23.973333,49.091856
23.983333,49.091853
23.993333,49.091851
24.003333,49.091848
24.013333,49.091845
24.023333,49.091842
24.033333,49.091839
24.043333,49.091836
24.053333,49.091833
24.063333,49.091829
24.073333,49.091826
24.083333,49.091823
24.093333,49.091820
24.103333,49.091817
24.113333,49.091813
24.123333,49.091810
24.133333,49.091807
24.143333,49.091803
24.153333,49.091800
24.163333,49.091796
24.173333,49.091793
24.183333,49.091789
24.193333,49.091786
24.203333,49.091782
24.213333,49.091779
24.223333,49.091775
24.233333,49.091771
24.243333,49.091768
24.253333,49.091764
24.263333,49.091760
24.273333,49.091756
24.283333,49.091753
24.293333,49.091749
24.303333,49.091745
24.313333,49.091741
24.323333,49.091737
24.333333,49.091733
24.343333,49.091729
24.353333,49.091725
24.363333,49.091721
24.373333,49.091717
24.383333,49.091713
24.393333,49.091709
24.403333,49.091705
24.413333,49.091701
24.423333,49.091697
24.433333,49.091693
24.443333,49.091688
24.453333,49.091684
24.463333,49.091680
24.473333,49.091676
24.483333,49.091672
24.493333,49.091667
24.503333,49.091663
24.513333,49.091659
24.523333,49.091654
24.533333,49.091650
24.543333,49.091646
24.553333,49.091641
24.563333,49.091637
24.573333,49.091632
24.583333,49.091628
24.593333,49.091623
24.603333,49.091619
24.613333,49.091614
24.623333,49.091610
24.633333,49.091605
24.643333,49.091601
24.653333,49.091596
24.663333,49.091592
24.673333,49.091587
24.683333,49.091583
24.693333,49.091578
24.703333,49.091573
24.713333,49.091569
24.723333,49.091564
24.733333,49.091560
24.743333,49.091555
24.753333,49.091550
24.763333,49.091546
24.773333,49.091541
24.783333,49.091536
24.793333,49.091532
24.803333,49.091527
24.813333,49.091522
24.823333,49.091517
24.833333,49.091513
24.843333,49.091508
24.853333,49.091503
24.863333,49.091498
24.873333,49.091494
24.883333,49.091489
24.893333,49.091484
24.903333,49.091479
24.913333,49.091475
24.923333,49.091470
24.933333,49.091465
24.943333,49.091460
24.953333,49.091455
24.963333,49.091451
24.973333,49.091446
24.983333,49.091441
24.993333,49.091436
