All calculations,Terminal
"Time in s","Electrical Frequency in Hz"
-0.100000,50.000000
-0.090000,50.000000
-0.080000,50.000000
-0.070000,50.000000
-0.060000,50.000000
-0.050000,50.000000
-0.040000,50.000000
-0.030000,50.000000
-0.020000,50.000000
-0.010000,50.000000
-0.000000,50.000000
0.010000,50.000000
0.020000,50.000000
0.030000,50.000000
0.040000,50.000000
0.050000,50.000000
0.060000,50.000000
0.070000,50.000000
0.080000,50.000000
0.090000,50.000000
0.100000,50.000000
0.110000,50.000000
0.120000,50.000000
0.130000,50.000000
0.140000,50.000000
0.150000,50.000000
0.160000,50.000000
0.170000,50.000000
0.180000,50.000000
0.190000,50.000000
0.200000,50.000000
0.210000,50.000000
0.220000,50.000000
0.230000,50.000000
0.240000,50.000000
0.250000,50.000000
0.260000,50.000000
0.270000,50.000000
0.280000,50.000000
0.290000,50.000000
0.300000,50.000000
0.310000,50.000000
0.320000,50.000000
0.330000,50.000000
0.340000,50.000000
0.350000,50.000000
0.360000,50.000000
0.370000,50.000000
0.380000,50.000000
0.390000,50.000000
0.400000,50.000000
0.410000,50.000000
0.420000,50.000000
0.430000,50.000000
0.440000,50.000000
0.450000,50.000000
0.460000,50.000000
0.470000,50.000000
0.480000,50.000000
0.490000,50.000000
0.500000,50.000000
0.510000,50.000000
0.520000,50.000000
0.530000,50.000000
0.540000,50.000000
0.550000,50.000000
0.560000,50.000000
0.570000,50.000000
0.580000,50.000000
0.590000,50.000000
0.600000,50.000000
0.610000,50.000000
0.620000,50.000000
0.630000,50.000000
0.640000,50.000000
0.650000,50.000000
0.660000,50.000000
0.670000,50.000000
0.680000,50.000000
0.690000,50.000000
0.700000,50.000000
0.710000,50.000000
0.720000,50.000000
0.730000,50.000000
0.740000,50.000000
0.750000,50.000000
0.760000,50.000000
0.770000,50.000000
0.780000,50.000000
0.790000,50.000000
0.800000,50.000000
0.810000,50.000000
0.820000,50.000000
0.830000,50.000000
0.840000,50.000000
0.850000,50.000000
0.860000,50.000000
0.870000,50.000000
0.880000,50.000000
0.890000,50.000000
0.900000,50.000000
0.910000,50.000000
0.920000,50.000000
0.930000,50.000000
0.940000,50.000000
0.950000,50.000000
0.960000,50.000000
0.970000,50.000000
0.980000,50.000000
0.990000,50.000000
1.000000,50.000000
1.010000,50.000000
1.020000,50.000000
1.030000,50.000000
1.040000,50.000000
1.050000,50.000000
1.060000,50.000000
1.070000,50.000000
1.080000,50.000000
1.090000,50.000000
1.100000,50.000000
1.110000,50.000000
1.120000,50.000000
1.130000,50.000000
1.140000,50.000000
1.150000,50.000000
1.160000,50.000000
1.170000,50.000000
1.180000,50.000000
1.190000,50.000000
1.200000,50.000000
1.210000,50.000000
1.220000,50.000000
1.230000,50.000000
1.240000,50.000000
1.250000,50.000000
1.260000,50.000000
1.270000,50.000000
1.280000,50.000000
1.290000,50.000000
1.300000,50.000000
1.310000,50.000000
1.320000,50.000000
1.330000,50.000000
1.340000,50.000000
1.350000,50.000000
1.360000,50.000000
1.370000,50.000000
1.380000,50.000000
1.390000,50.000000
1.400000,50.000000
1.410000,50.000000
1.420000,50.000000
1.430000,50.000000
1.440000,50.000000
1.450000,50.000000
1.460000,50.000000
1.470000,50.000000
1.480000,50.000000
1.490000,50.000000
1.500000,50.000000
1.510000,50.000000
1.520000,50.000000
1.530000,50.000000
1.540000,50.000000
1.550000,50.000000
1.560000,50.000000
1.570000,50.000000
1.580000,50.000000
1.590000,50.000000
1.600000,50.000000
1.610000,50.000000
1.620000,50.000000
1.630000,50.000000
1.640000,50.000000
1.650000,50.000000
1.660000,50.000000
1.670000,50.000000
1.680000,50.000000
1.690000,50.000000
1.700000,50.000000
1.710000,50.000000
1.720000,50.000000
1.730000,50.000000
1.740000,50.000000
1.750000,50.000000
1.760000,50.000000
1.770000,50.000000
1.780000,50.000000
1.790000,50.000000
1.800000,50.000000
1.810000,50.000000
1.820000,50.000000
1.830000,50.000000
1.840000,50.000000
1.850000,50.000000
1.860000,50.000000
1.870000,50.000000
1.880000,50.000000
1.890000,50.000000
1.900000,50.000000
1.910000,50.000000
1.920000,50.000000
1.930000,50.000000
1.940000,50.000000
1.950000,50.000000
1.960000,50.000000
1.970000,50.000000
1.980000,50.000000
1.990000,50.000000
2.000000,50.000000
2.010000,50.000000
2.020000,50.000000
2.030000,50.000000
2.040000,50.000000
2.050000,50.000000
2.060000,50.000000
2.070000,50.000000
2.080000,50.000000
2.090000,50.000000
2.100000,50.000000
2.110000,50.000000
2.120000,50.000000
2.130000,50.000000
2.140000,50.000000
2.150000,50.000000
2.160000,50.000000
2.170000,50.000000
2.180000,50.000000
2.190000,50.000000
2.200000,50.000000
2.210000,50.000000
2.220000,50.000000
2.230000,50.000000
2.240000,50.000000
2.250000,50.000000
2.260000,50.000000
2.270000,50.000000
2.280000,50.000000
2.290000,50.000000
2.300000,50.000000
2.310000,50.000000
2.320000,50.000000
2.330000,50.000000
2.340000,50.000000
2.350000,50.000000
2.360000,50.000000
2.370000,50.000000
2.380000,50.000000
2.390000,50.000000
2.400000,50.000000
2.410000,50.000000
2.420000,50.000000
2.430000,50.000000
2.440000,50.000000
2.450000,50.000000
2.460000,50.000000
2.470000,50.000000
2.480000,50.000000
2.490000,50.000000
2.500000,50.000000
2.510000,50.000000
2.520000,50.000000
2.530000,50.000000
2.540000,50.000000
2.550000,50.000000
2.560000,50.000000
2.570000,50.000000
2.580000,50.000000
2.590000,50.000000
2.600000,50.000000
2.610000,50.000000
2.620000,50.000000
2.630000,50.000000
2.640000,50.000000
2.650000,50.000000
2.660000,50.000000
2.670000,50.000000
2.680000,50.000000
2.690000,50.000000
2.700000,50.000000
2.710000,50.000000
2.720000,50.000000
2.730000,50.000000
2.740000,50.000000
2.750000,50.000000
2.760000,50.000000
2.770000,50.000000
2.780000,50.000000
2.790000,50.000000
2.800000,50.000000
2.810000,50.000000
2.820000,50.000000
2.830000,50.000000
2.840000,50.000000
2.850000,50.000000
2.860000,50.000000
2.870000,50.000000
2.880000,50.000000
2.890000,50.000000
2.900000,50.000000
2.910000,50.000000
2.920000,50.000000
2.930000,50.000000
2.940000,50.000000
2.950000,50.000000
2.960000,50.000000
2.970000,50.000000
2.980000,50.000000
2.990000,50.000000
3.000000,50.000000
3.010000,50.000000
3.020000,50.000000
3.030000,50.000000
3.040000,50.000000
3.050000,50.000000
3.060000,50.000000
3.070000,50.000000
3.080000,50.000000
3.090000,50.000000
3.100000,50.000000
3.110000,50.000000
3.120000,50.000000
3.130000,50.000000
3.140000,50.000000
3.150000,50.000000
3.160000,50.000000
3.170000,50.000000
3.180000,50.000000
3.190000,50.000000
3.200000,50.000000
3.210000,50.000000
3.220000,50.000000
3.230000,50.000000
3.240000,50.000000
3.250000,50.000000
3.260000,50.000000
3.270000,50.000000
3.280000,50.000000
3.290000,50.000000
3.300000,50.000000
3.310000,50.000000
3.320000,50.000000
3.330000,50.000000
3.340000,50.000000
3.350000,50.000000
3.360000,50.000000
3.370000,50.000000
3.380000,50.000000
3.390000,50.000000
3.400000,50.000000
3.410000,50.000000
3.420000,50.000000
3.430000,50.000000
3.440000,50.000000
3.450000,50.000000
3.460000,50.000000
3.470000,50.000000
3.480000,50.000000
3.490000,50.000000
3.500000,50.000000
3.510000,50.000000
3.520000,50.000000
3.530000,50.000000
3.540000,50.000000
3.550000,50.000000
3.560000,50.000000
3.570000,50.000000
3.580000,50.000000
3.590000,50.000000
3.600000,50.000000
3.610000,50.000000
3.620000,50.000000
3.630000,50.000000
3.640000,50.000000
3.650000,50.000000
3.660000,50.000000
3.670000,50.000000
3.680000,50.000000
3.690000,50.000000
3.700000,50.000000
3.710000,50.000000
3.720000,50.000000
3.730000,50.000000
3.740000,50.000000
3.750000,50.000000
3.760000,50.000000
3.770000,50.000000
3.780000,50.000000
3.790000,50.000000
3.800000,50.000000
3.810000,50.000000
3.820000,50.000000
3.830000,50.000000
3.840000,50.000000
3.850000,50.000000
3.860000,50.000000
3.870000,50.000000
3.880000,50.000000
3.890000,50.000000
3.900000,50.000000
3.910000,50.000000
3.920000,50.000000
3.930000,50.000000
3.940000,50.000000
3.950000,50.000000
3.960000,50.000000
3.970000,50.000000
3.980000,50.000000
3.990000,50.000000
4.000000,50.000000
4.010000,50.000000
4.020000,50.000000
4.030000,50.000000
4.040000,50.000000
4.050000,50.000000
4.060000,50.000000
4.070000,50.000000
4.080000,50.000000
4.090000,50.000000
4.100000,50.000000
4.110000,50.000000
4.120000,50.000000
4.130000,50.000000
4.140000,50.000000
4.150000,50.000000
4.160000,50.000000
4.170000,50.000000
4.180000,50.000000
4.190000,50.000000
4.200000,50.000000
4.210000,50.000000
4.220000,50.000000
4.230000,50.000000
4.240000,50.000000
4.250000,50.000000
4.260000,50.000000
4.270000,50.000000
4.280000,50.000000
4.290000,50.000000
4.300000,50.000000
4.310000,50.000000
4.320000,50.000000
4.330000,50.000000
4.340000,50.000000
4.350000,50.000000
4.360000,50.000000
4.370000,50.000000
4.380000,50.000000
4.390000,50.000000
4.400000,50.000000
4.410000,50.000000
4.420000,50.000000
4.430000,50.000000
4.440000,50.000000
4.450000,50.000000
4.460000,50.000000
4.470000,50.000000
4.480000,50.000000
4.490000,50.000000
4.500000,50.000000
4.510000,50.000000
4.520000,50.000000
4.530000,50.000000
4.540000,50.000000
4.550000,50.000000
4.560000,50.000000
4.570000,50.000000
4.580000,50.000000
4.590000,50.000000
4.600000,50.000000
4.610000,50.000000
4.620000,50.000000
4.630000,50.000000
4.640000,50.000000
4.650000,50.000000
4.660000,50.000000
4.670000,50.000000
4.680000,50.000000
4.690000,50.000000
4.700000,50.000000
4.710000,50.000000
4.720000,50.000000
4.730000,50.000000
4.740000,50.000000
4.750000,50.000000
4.760000,50.000000
4.770000,50.000000
4.780000,50.000000
4.790000,50.000000
4.800000,50.000000
4.810000,50.000000
4.820000,50.000000
4.830000,50.000000
4.840000,50.000000
4.850000,50.000000
4.860000,50.000000
4.870000,50.000000
4.880000,50.000000
4.890000,50.000000
4.900000,50.000000
4.910000,50.000000
4.920000,50.000000
4.930000,50.000000
4.940000,50.000000
4.950000,50.000000
4.960000,50.000000
4.970000,50.000000
4.980000,50.000000
4.990000,50.000000
5.000000,50.000000
5.005000,50.000000
5.011667,50.000000
5.021667,49.973854
5.031667,49.954875
5.041667,49.940055
5.051667,49.927173
5.061667,49.915144
5.071667,49.903448
5.081667,49.891839
5.091667,49.880210
5.101667,49.868517
5.111667,49.856747
5.121667,49.844901
5.131667,49.832686
5.141667,49.821097
5.151667,49.809016
5.161667,49.796925
5.171667,49.784815
5.181667,49.772688
5.191667,49.760388
5.201667,49.748274
5.211667,49.736133
5.221667,49.723973
5.231667,49.711808
5.241667,49.699645
5.251667,49.687491
5.261667,49.675347
5.271667,49.663216
5.281667,49.651100
5.291667,49.638999
5.301667,49.626913
5.311667,49.614843
5.321667,49.602789
5.331667,49.590751
5.341667,49.578729
5.351667,49.566722
5.361667,49.554730
5.371667,49.542753
5.381667,49.530791
5.391667,49.518842
5.401667,49.506908
5.411667,49.494987
5.421667,49.483078
5.431667,49.471183
5.441667,49.459299
5.451667,49.447428
5.461667,49.435568
5.471667,49.423719
5.481667,49.411881
5.491667,49.400053
5.501667,49.388236
5.511667,49.376429
5.521667,49.364632
5.531667,49.352844
5.541667,49.341066
5.551667,49.329297
5.561667,49.317538
5.571667,49.305787
5.581667,49.294046
5.591667,49.282314
5.601667,49.270591
5.611667,49.258877
5.621667,49.247172
5.631667,49.235477
5.641667,49.223791
5.651667,49.212114
5.661667,49.200447
5.671667,49.188789
5.681667,49.177142
5.691667,49.165505
5.701667,49.153878
5.711667,49.142262
5.721667,49.130656
5.731667,49.119062
5.741667,49.107479
5.751667,49.095909
5.761667,49.084350
5.771667,49.072804
5.781667,49.061270
5.791667,49.049750
5.801667,49.038244
5.811667,49.026751
5.821667,49.015273
5.831667,49.003810
5.841667,48.992363
5.851667,48.980931
5.861667,48.969515
5.871667,48.958117
5.881667,48.946735
5.891667,48.935371
5.901667,48.924026
5.911667,48.912699
5.921667,48.901392
5.931667,48.890104
5.941667,48.878837
5.951667,48.867591
5.961667,48.856366
5.971667,48.845163
5.981667,48.833982
5.991667,48.822825
6.001667,48.811691
6.011667,48.800582
6.021667,48.789497
6.031667,48.778438
6.041667,48.767404
6.051667,48.756397
6.061667,48.745417
6.071667,48.734465
6.081667,48.723541
6.091667,48.712646
6.101667,48.701780
6.111667,48.690944
6.121667,48.680139
6.131667,48.669364
6.141667,48.658622
6.151667,48.647911
6.161667,48.637234
6.171667,48.626589
6.181667,48.615979
6.191667,48.605403
6.201667,48.594862
6.211667,48.584357
6.221667,48.573888
6.231667,48.563456
6.241667,48.553061
6.251667,48.542703
6.261667,48.532384
6.271667,48.522104
6.281667,48.511863
6.291667,48.501662
6.301667,48.491502
6.311667,48.481382
6.321667,48.471304
6.331667,48.461268
6.341667,48.451274
6.351667,48.441323
6.361667,48.431415
6.371667,48.421552
6.381667,48.411732
6.391667,48.401958
6.401667,48.392229
6.411667,48.382545
6.421667,48.372908
6.431667,48.363318
6.441667,48.353774
6.451667,48.344278
6.461667,48.334830
6.471667,48.325430
6.481667,48.316079
6.491667,48.306777
6.501667,48.297525
6.511667,48.288323
6.521667,48.279171
6.531667,48.270069
6.541667,48.261019
6.551667,48.252020
6.561667,48.243073
6.571667,48.234179
6.581667,48.225336
6.591667,48.216547
6.601667,48.207810
6.611667,48.199127
6.621667,48.190498
6.631667,48.181923
6.641667,48.173403
6.651667,48.164937
6.661667,48.156526
6.671667,48.148170
6.681667,48.139870
6.691667,48.131626
6.701667,48.123437
6.711667,48.115305
6.721667,48.107230
6.731667,48.099212
6.741667,48.091250
6.751667,48.083346
6.761667,48.075499
6.771667,48.067710
6.781667,48.059979
6.791667,48.052305
6.801667,48.044691
6.811667,48.037134
6.821667,48.029637
6.831667,48.022198
6.841667,48.014818
6.851667,48.007497
6.861667,48.000236
6.871667,47.993034
6.881667,47.985892
6.891667,47.978809
6.901667,47.971787
6.911667,47.964824
6.921667,47.957922
6.931667,47.951079
6.941667,47.944297
6.951667,47.937576
6.961667,47.930915
6.971667,47.924315
6.981667,47.917775
6.991667,47.911296
7.001667,47.904878
7.011667,47.898521
7.021667,47.892225
7.031667,47.885990
7.041667,47.879816
7.051667,47.873703
7.061667,47.867652
7.071667,47.861661
7.081667,47.855732
7.091667,47.849864
7.101667,47.844058
7.111667,47.838313
7.121667,47.832629
7.131667,47.827006
7.141667,47.821444
7.151667,47.815944
7.161667,47.810506
7.171667,47.805128
7.181667,47.799812
7.191667,47.794557
7.201667,47.789363
7.211667,47.784231
7.221667,47.779159
7.231667,47.774149
7.241667,47.769199
7.251667,47.764311
7.261667,47.759484
7.271667,47.754717
7.281667,47.750012
7.291667,47.745367
7.301667,47.740782
7.311667,47.736259
7.321667,47.731796
7.331667,47.727393
7.341667,47.723050
7.351667,47.718768
7.361667,47.714546
7.371667,47.710385
7.381667,47.706283
7.391667,47.702241
7.401667,47.698258
7.411667,47.694335
7.421667,47.690472
7.431667,47.686667
7.441667,47.682921
7.451667,47.679234
7.461667,47.675604
7.471667,47.672033
7.481667,47.668519
7.491667,47.665062
7.501667,47.661663
7.511667,47.658320
7.521667,47.655034
7.531667,47.651804
7.541667,47.648630
7.551667,47.645512
7.561667,47.642450
7.571667,47.639442
7.581667,47.636490
7.591667,47.633592
7.601667,47.630749
7.611667,47.627960
7.621667,47.625225
7.631667,47.622544
7.641667,47.619916
7.651667,47.617341
7.661667,47.614820
7.671667,47.612350
7.681667,47.609934
7.691667,47.607569
7.701667,47.605256
7.711667,47.602995
7.721667,47.600785
7.731667,47.598627
7.741667,47.596519
7.751667,47.594462
7.761667,47.592455
7.771667,47.590498
7.781667,47.588592
7.791667,47.586734
7.801667,47.584927
7.811667,47.583168
7.821667,47.581458
7.831667,47.579797
7.841667,47.578184
7.851667,47.576619
7.861667,47.575103
7.871667,47.573634
7.881667,47.572212
7.891667,47.570837
7.901667,47.569510
7.911667,47.568229
7.921667,47.566994
7.931667,47.565806
7.941667,47.564663
7.951667,47.563567
7.961667,47.562515
7.971667,47.561510
7.981667,47.560549
7.991667,47.559632
8.001667,47.558761
8.011667,47.557933
8.021667,47.557150
8.031667,47.556411
8.041667,47.555715
8.051667,47.555063
8.061667,47.554453
8.071667,47.553887
8.081667,47.553363
8.091667,47.552882
8.101667,47.552443
8.111667,47.552046
8.121667,47.551690
8.131667,47.551377
8.141667,47.551104
8.151667,47.550873
8.161667,47.550682
8.171667,47.550533
8.181667,47.550423
8.191667,47.550354
8.201667,47.550325
8.211667,47.550335
8.221667,47.550385
8.231667,47.550475
8.241667,47.550603
8.251667,47.550770
8.261667,47.550976
8.271667,47.551221
8.281667,47.551503
8.291667,47.551824
8.301667,47.552183
8.311667,47.552579
8.321667,47.553012
8.331667,47.553483
8.341667,47.553990
8.351667,47.554534
8.361667,47.555114
8.371667,47.555731
8.381667,47.556384
8.391667,47.557072
8.401667,47.557796
8.411667,47.558555
8.421667,47.559349
8.431667,47.560178
8.441667,47.561041
8.451667,47.561939
8.461667,47.562871
8.471667,47.563836
8.481667,47.564835
8.491667,47.565867
8.501667,47.566933
8.511667,47.568031
8.521667,47.569162
8.531667,47.570325
8.541667,47.571519
8.551667,47.572746
8.561667,47.574004
8.571667,47.575294
8.581667,47.576614
8.591667,47.577966
8.601667,47.579347
8.611667,47.580759
8.621667,47.582201
8.631667,47.583673
8.641667,47.585174
8.651667,47.586704
8.661667,47.588263
8.671667,47.589851
8.681667,47.591467
8.691667,47.593111
8.701667,47.594783
8.711667,47.596483
8.721667,47.598210
8.731667,47.599964
8.741667,47.601744
8.751667,47.603552
8.761667,47.605385
8.771667,47.607245
8.781667,47.609130
8.791667,47.611040
8.801667,47.612976
8.811667,47.614937
8.821667,47.616922
8.831667,47.618932
8.841667,47.620965
8.851667,47.623023
8.861667,47.625104
8.871667,47.627208
8.881667,47.629335
8.891667,47.631485
8.901667,47.633658
8.911667,47.635852
8.921667,47.638069
8.931667,47.640307
8.941667,47.642567
8.951667,47.644847
8.961667,47.647149
8.971667,47.649471
8.981667,47.651813
8.991667,47.654175
9.001667,47.656557
9.011667,47.658959
9.021667,47.661380
9.031667,47.663819
9.041667,47.666278
9.051667,47.668755
9.061667,47.671250
9.071667,47.673762
9.081667,47.676293
9.091667,47.678840
9.101667,47.681405
9.111667,47.683987
9.121667,47.686585
9.131667,47.689199
9.141667,47.691830
9.151667,47.694476
9.161667,47.697137
9.171667,47.699814
9.181667,47.702506
9.191667,47.705212
9.201667,47.707933
9.211667,47.710668
9.221667,47.713417
9.231667,47.716180
9.241667,47.718956
9.251667,47.721745
9.261667,47.724547
9.271667,47.727362
9.281667,47.730189
9.291667,47.733028
9.301667,47.735879
9.311667,47.738741
9.321667,47.741615
9.331667,47.744500
9.341667,47.747396
9.351667,47.750302
9.361667,47.753219
9.371667,47.756146
9.381667,47.759082
9.391667,47.762029
9.401667,47.764984
9.411667,47.767949
9.421667,47.770922
9.431667,47.773904
9.441667,47.776895
9.451667,47.779893
9.461667,47.782900
9.471667,47.785914
9.481667,47.788936
9.491667,47.791964
9.501667,47.795000
9.511667,47.798042
9.521667,47.801091
9.531667,47.804146
9.541667,47.807207
9.551667,47.810273
9.561667,47.813346
9.571667,47.816423
9.581667,47.819506
9.591667,47.822593
9.601667,47.825685
9.611667,47.828781
9.621667,47.831882
9.631667,47.834986
9.641667,47.838094
9.651667,47.841206
9.661667,47.844321
9.671667,47.847439
9.681667,47.850559
9.691667,47.853682
9.701667,47.856808
9.711667,47.859936
9.721667,47.863066
9.731667,47.866197
9.741667,47.869330
9.751667,47.872465
9.761667,47.875600
9.771667,47.878736
9.781667,47.881874
9.791667,47.885011
9.801667,47.888149
9.811667,47.891287
9.821667,47.894425
9.831667,47.897562
9.841667,47.900699
9.851667,47.903835
9.861667,47.906970
9.871667,47.910105
9.881667,47.913237
9.891667,47.916369
9.901667,47.919498
9.911667,47.922626
9.921667,47.925752
9.931667,47.928875
9.941667,47.931996
9.951667,47.935114
9.961667,47.938230
9.971667,47.941342
9.981667,47.944451
9.991666,47.947557
9.996666,47.950659
10.003333,47.952211
10.013333,47.953967
10.023333,47.957212
10.033333,47.960378
10.043333,47.963501
10.053333,47.966601
10.063333,47.969686
10.073333,47.972763
10.083333,47.975832
10.093333,47.978894
10.103333,47.981951
10.113333,47.985002
10.123333,47.988048
10.133333,47.991087
10.143333,47.994120
10.153333,47.997148
10.163333,48.000169
10.173333,48.003183
10.183333,48.006192
10.193333,48.009193
10.203333,48.012187
10.213333,48.015175
10.223333,48.018155
10.233333,48.021128
10.243333,48.024093
10.253333,48.027051
10.263333,48.030001
10.273333,48.032943
10.283333,48.035877
10.293333,48.038802
10.303333,48.041720
10.313333,48.044629
10.323333,48.047529
10.333333,48.050421
10.343333,48.053303
10.353333,48.056177
10.363333,48.059042
10.373333,48.061897
10.383333,48.064743
10.393333,48.067579
10.403333,48.070406
10.413333,48.073223
10.423333,48.076030
10.433333,48.078827
10.443333,48.081614
10.453333,48.084390
10.463333,48.087157
10.473333,48.089912
10.483333,48.092657
10.493333,48.095392
10.503333,48.098115
10.513333,48.100828
10.523333,48.103530
10.533333,48.106220
10.543333,48.108899
10.553333,48.111567
10.563333,48.114224
10.573333,48.116868
10.583333,48.119502
10.593333,48.122123
10.603333,48.124732
10.613333,48.127330
10.623333,48.129915
10.633333,48.132489
10.643333,48.135050
10.653333,48.137599
10.663333,48.140135
10.673333,48.142659
10.683333,48.145170
10.693333,48.147669
10.703333,48.150154
10.713333,48.152627
10.723333,48.155087
10.733333,48.157534
10.743333,48.159968
10.753333,48.162389
10.763333,48.164796
10.773333,48.167190
10.783333,48.169571
10.793333,48.171939
10.803333,48.174292
10.813333,48.176632
10.823333,48.178959
10.833333,48.181272
10.843333,48.183571
10.853333,48.185856
10.863333,48.188127
10.873333,48.190384
10.883333,48.192627
10.893333,48.194856
10.903333,48.197071
10.913333,48.199271
10.923333,48.201458
10.933333,48.203629
10.943333,48.205787
10.953333,48.207930
10.963333,48.210059
10.973333,48.212173
10.983333,48.214272
10.993333,48.216357
11.003333,48.218427
11.013333,48.220482
11.023333,48.222523
11.033333,48.224549
11.043333,48.226560
11.053333,48.228556
11.063333,48.230537
11.073333,48.232503
11.083333,48.234454
11.093333,48.236390
11.103333,48.238311
11.113333,48.240217
11.123333,48.242108
11.133333,48.243983
11.143333,48.245844
11.153333,48.247689
11.163333,48.249519
11.173333,48.251333
11.183333,48.253133
11.193333,48.254917
11.203333,48.256685
11.213333,48.258439
11.223333,48.260176
11.233333,48.261899
11.243333,48.263606
11.253333,48.265298
11.263333,48.266974
11.273333,48.268634
11.283333,48.270280
11.293333,48.271909
11.303333,48.273523
11.313333,48.275122
11.323333,48.276705
11.333333,48.278273
11.343333,48.279825
11.353333,48.281361
11.363333,48.282882
11.373333,48.284388
11.383333,48.285878
11.393333,48.287352
11.403333,48.288811
11.413333,48.290254
11.423333,48.291681
11.433333,48.293093
11.443333,48.294490
11.453333,48.295871
11.463333,48.297236
11.473333,48.298586
11.483333,48.299920
11.493333,48.301239
11.503333,48.302542
11.513333,48.303830
11.523333,48.305102
11.533333,48.306359
11.543333,48.307601
11.553333,48.308826
11.563333,48.310037
11.573333,48.311232
11.583333,48.312412
11.593333,48.313576
11.603333,48.314725
11.613333,48.315858
11.623333,48.316976
11.633333,48.318079
11.643333,48.319167
11.653333,48.320239
11.663333,48.321296
11.673333,48.322338
11.683333,48.323365
11.693333,48.324376
11.703333,48.325372
11.713333,48.326354
11.723333,48.327320
11.733333,48.328271
11.743333,48.329207
11.753333,48.330128
11.763333,48.331034
11.773333,48.331925
11.783333,48.332802
11.793333,48.333663
11.803333,48.334510
11.813333,48.335341
11.823333,48.336159
11.833333,48.336961
11.843333,48.337749
11.853333,48.338522
11.863333,48.339280
11.873333,48.340024
11.883333,48.340753
11.893333,48.341468
11.903333,48.342168
11.913333,48.342854
11.923333,48.343526
11.933333,48.344183
11.943333,48.344827
11.953333,48.345455
11.963333,48.346070
11.973333,48.346671
11.983333,48.347257
11.993333,48.347830
12.003333,48.348388
12.013333,48.348933
12.023333,48.349463
12.033333,48.349980
12.043333,48.350483
12.053333,48.350972
12.063333,48.351448
12.073333,48.351910
12.083333,48.352359
12.093333,48.352793
12.103333,48.353215
12.113333,48.353623
12.123333,48.354018
12.133333,48.354399
12.143333,48.354767
12.153333,48.355122
12.163333,48.355464
12.173333,48.355793
12.183333,48.356108
12.193333,48.356411
12.203333,48.356701
12.213333,48.356978
12.223333,48.357242
12.233333,48.357494
12.243333,48.357733
12.253333,48.357959
12.263333,48.358173
12.273333,48.358375
12.283333,48.358563
12.293333,48.358740
12.303333,48.358904
12.313333,48.359057
12.323333,48.359197
12.333333,48.359324
12.343333,48.359440
12.353333,48.359544
12.363333,48.359636
12.373333,48.359717
12.383333,48.359785
12.393333,48.359842
12.403333,48.359887
12.413333,48.359921
12.423333,48.359943
12.433333,48.359954
12.443333,48.359953
12.453333,48.359941
12.463333,48.359918
12.473333,48.359884
12.483333,48.359839
12.493333,48.359783
12.503333,48.359716
12.513333,48.359638
12.523333,48.359549
12.533333,48.359450
12.543333,48.359340
12.553333,48.359219
12.563333,48.359088
12.573333,48.358946
12.583333,48.358794
12.593333,48.358632
12.603333,48.358460
12.613333,48.358278
12.623333,48.358085
12.633333,48.357883
12.643333,48.357670
12.653333,48.357448
12.663333,48.357216
12.673333,48.356975
12.683333,48.356724
12.693333,48.356463
12.703333,48.356193
12.713333,48.355913
12.723333,48.355624
12.733333,48.355326
12.743333,48.355019
12.753333,48.354703
12.763333,48.354378
12.773333,48.354044
12.783333,48.353701
12.793333,48.353349
12.803333,48.352988
12.813333,48.352619
12.823333,48.352242
12.833333,48.351856
12.843333,48.351461
12.853333,48.351059
12.863333,48.350648
12.873333,48.350229
12.883333,48.349802
12.893333,48.349366
12.903333,48.348923
12.913333,48.348473
12.923333,48.348014
12.933333,48.347548
12.943333,48.347074
12.953333,48.346592
12.963333,48.346103
12.973333,48.345607
12.983333,48.345104
12.993333,48.344593
13.003333,48.344075
13.013333,48.343550
13.023333,48.343018
13.033333,48.342479
13.043333,48.341934
13.053333,48.341381
13.063333,48.340822
13.073333,48.340257
13.083333,48.339684
13.093333,48.339106
13.103333,48.338521
13.113333,48.337930
13.123333,48.337332
13.133333,48.336729
13.143333,48.336119
13.153333,48.335503
13.163333,48.334882
13.173333,48.334255
13.183333,48.333622
13.193333,48.332983
13.203333,48.332339
13.213333,48.331689
13.223333,48.331034
13.233333,48.330373
13.243333,48.329707
13.253333,48.329036
13.263333,48.328360
13.273333,48.327679
13.283333,48.326993
13.293333,48.326301
13.303333,48.325605
13.313333,48.324905
13.323333,48.324199
13.333333,48.323489
13.343333,48.322775
13.353333,48.322056
13.363333,48.321333
13.373333,48.320605
13.383333,48.319873
13.393333,48.319137
13.403333,48.318397
13.413333,48.317653
13.423333,48.316905
13.433333,48.316153
13.443333,48.315398
13.453333,48.314638
13.463333,48.313875
13.473333,48.313109
13.483333,48.312339
13.493333,48.311565
13.503333,48.310788
13.513333,48.310008
13.523333,48.309225
13.533333,48.308438
13.543333,48.307649
13.553333,48.306856
13.563333,48.306061
13.573333,48.305263
13.583333,48.304462
13.593333,48.303658
13.603333,48.302852
13.613333,48.302043
13.623333,48.301231
13.633333,48.300417
13.643333,48.299601
13.653333,48.298782
13.663333,48.297962
13.673333,48.297139
13.683333,48.296314
13.693333,48.295487
13.703333,48.294658
13.713333,48.293827
13.723333,48.292994
13.733333,48.292160
13.743333,48.291323
13.753333,48.290486
13.763333,48.289646
13.773333,48.288805
13.783333,48.287963
13.793333,48.287119
13.803333,48.286274
13.813333,48.285428
13.823333,48.284581
13.833333,48.283732
13.843333,48.282883
13.853333,48.282032
13.863333,48.281181
13.873333,48.280328
13.883333,48.279475
13.893333,48.278622
13.903333,48.277767
13.913333,48.276912
13.923333,48.276056
13.933333,48.275200
13.943333,48.274343
13.953333,48.273486
13.963333,48.272629
13.973333,48.271771
13.983333,48.270914
13.993333,48.270056
14.003333,48.269198
14.013333,48.268339
14.023333,48.267481
14.033333,48.266624
14.043333,48.265766
14.053333,48.264908
14.063333,48.264051
14.073333,48.263194
14.083333,48.262337
14.093333,48.261481
14.103333,48.260625
14.113333,48.259770
14.123333,48.258915
14.133333,48.258061
14.143333,48.257207
14.153333,48.256355
14.163333,48.255503
14.173333,48.254652
14.183333,48.253802
14.193333,48.252953
14.203333,48.252104
14.213333,48.251257
14.223333,48.250411
14.233333,48.249566
14.243333,48.248723
14.253333,48.247880
14.263333,48.247039
14.273333,48.246199
14.283333,48.245361
14.293333,48.244524
14.303333,48.243688
14.313333,48.242854
14.323333,48.242021
14.333333,48.241191
14.343333,48.240361
14.353333,48.239534
14.363333,48.238708
14.373333,48.237884
14.383333,48.237062
14.393333,48.236242
14.403333,48.235423
14.413333,48.234607
14.423333,48.233793
14.433333,48.232980
14.443333,48.232170
14.453333,48.231362
14.463333,48.230556
14.473333,48.229752
14.483333,48.228951
14.493333,48.228152
14.503333,48.227355
14.513333,48.226560
14.523333,48.225768
14.533333,48.224979
14.543333,48.224191
14.553333,48.223407
14.563333,48.222625
14.573333,48.221845
14.583333,48.221068
14.593333,48.220294
14.603333,48.219523
14.613333,48.218754
14.623333,48.217988
14.633333,48.217225
14.643333,48.216464
14.653333,48.215707
14.663333,48.214952
14.673333,48.214201
14.683333,48.213452
14.693333,48.212706
14.703333,48.211963
14.713333,48.211224
14.723333,48.210487
14.733333,48.209754
14.743333,48.209023
14.753333,48.208296
14.763333,48.207572
14.773333,48.206852
14.783333,48.206134
14.793333,48.205420
14.803333,48.204709
14.813333,48.204002
14.823333,48.203298
14.833333,48.202597
14.843333,48.201900
14.853333,48.201206
14.863333,48.200515
14.873333,48.199828
14.883333,48.199145
14.893333,48.198465
14.903333,48.197789
14.913333,48.197116
14.923333,48.196447
14.933333,48.195782
14.943333,48.195120
14.953333,48.194462
14.963333,48.193807
14.973333,48.193157
14.983333,48.192510
14.993333,48.191866
15.003333,48.191227
15.013333,48.190591
15.023333,48.189959
15.033333,48.189331
15.043333,48.188707
15.053333,48.188087
15.063333,48.187471
15.073333,48.186858
15.083333,48.186250
15.093333,48.185645
15.103333,48.185044
15.113333,48.184448
15.123333,48.183855
15.133333,48.183266
15.143333,48.182682
15.153333,48.182101
15.163333,48.181524
15.173333,48.180952
15.183333,48.180383
15.193333,48.179819
15.203333,48.179258
15.213333,48.178702
15.223333,48.178150
15.233333,48.177602
15.243333,48.177058
15.253333,48.176519
15.263333,48.175983
15.273333,48.175452
15.283333,48.174925
15.293333,48.174402
15.303333,48.173883
15.313333,48.173368
15.323333,48.172858
15.333333,48.172352
15.343333,48.171850
15.353333,48.171352
15.363333,48.170859
15.373333,48.170369
15.383333,48.169884
15.393333,48.169404
15.403333,48.168927
15.413333,48.168455
15.423333,48.167987
15.433333,48.167524
15.443333,48.167065
15.453333,48.166610
15.463333,48.166159
15.473333,48.165712
15.483333,48.165270
15.493333,48.164833
15.503333,48.164399
15.513333,48.163970
15.523333,48.163545
15.533333,48.163125
15.543333,48.162708
15.553333,48.162297
15.563333,48.161889
15.573333,48.161486
15.583333,48.161087
15.593333,48.160692
15.603333,48.160302
15.613333,48.159916
15.623333,48.159534
15.633333,48.159157
15.643333,48.158784
15.653333,48.158415
15.663333,48.158051
15.673333,48.157691
15.683333,48.157335
15.693333,48.156983
15.703333,48.156636
15.713333,48.156293
15.723333,48.155955
15.733333,48.155620
15.743333,48.155290
15.753333,48.154964
15.763333,48.154643
15.773333,48.154326
15.783333,48.154013
15.793333,48.153704
15.803333,48.153400
15.813333,48.153099
15.823333,48.152803
15.833333,48.152512
15.843333,48.152224
15.853333,48.151941
15.863333,48.151662
15.873333,48.151387
15.883333,48.151116
15.893333,48.150850
15.903333,48.150588
15.913333,48.150330
15.923333,48.150076
15.933333,48.149826
15.943333,48.149580
15.953333,48.149339
15.963333,48.149101
15.973333,48.148868
15.983333,48.148639
15.993333,48.148414
16.003333,48.148193
16.013333,48.147976
16.023333,48.147763
16.033333,48.147555
16.043333,48.147350
16.053333,48.147149
16.063333,48.146953
16.073333,48.146760
16.083333,48.146571
16.093333,48.146387
16.103333,48.146206
16.113333,48.146029
16.123333,48.145857
16.133333,48.145688
16.143333,48.145523
16.153333,48.145362
16.163333,48.145205
16.173333,48.145052
16.183333,48.144902
16.193333,48.144757
16.203333,48.144615
16.213333,48.144477
16.223333,48.144343
16.233333,48.144213
16.243333,48.144087
16.253333,48.143964
16.263333,48.143845
16.273333,48.143730
16.283333,48.143619
16.293333,48.143511
16.303333,48.143407
16.313333,48.143306
16.323333,48.143210
16.333333,48.143117
16.343333,48.143027
16.353333,48.142941
16.363333,48.142859
16.373333,48.142781
16.383333,48.142705
16.393333,48.142634
16.403333,48.142566
16.413333,48.142501
16.423333,48.142440
16.433333,48.142383
16.443333,48.142329
16.453333,48.142278
16.463333,48.142231
16.473333,48.142187
16.483333,48.142147
16.493333,48.142110
16.503333,48.142076
16.513333,48.142045
16.523333,48.142018
16.533333,48.141995
16.543333,48.141974
16.553333,48.141957
16.563333,48.141943
16.573333,48.141932
16.583333,48.141924
16.593333,48.141920
16.603333,48.141919
16.613333,48.141921
16.623333,48.141926
16.633333,48.141934
16.643333,48.141945
16.653333,48.141959
16.663333,48.141976
16.673333,48.141997
16.683333,48.142020
16.693333,48.142046
16.703333,48.142076
16.713333,48.142108
16.723333,48.142143
16.733333,48.142181
16.743333,48.142222
16.753333,48.142265
16.763333,48.142312
16.773333,48.142361
16.783333,48.142414
16.793333,48.142469
16.803333,48.142526
16.813333,48.142587
16.823333,48.142650
16.833333,48.142716
16.843333,48.142784
16.853333,48.142856
16.863333,48.142930
16.873333,48.143006
16.883333,48.143085
16.893333,48.143167
16.903333,48.143251
16.913333,48.143337
16.923333,48.143427
16.933333,48.143518
16.943333,48.143612
16.953333,48.143709
16.963333,48.143808
16.973333,48.143909
16.983333,48.144013
16.993333,48.144119
17.003333,48.144227
17.013333,48.144338
17.023333,48.144451
17.033333,48.144566
17.043333,48.144684
17.053333,48.144804
17.063333,48.144926
17.073333,48.145050
17.083333,48.145176
17.093333,48.145304
17.103333,48.145435
17.113333,48.145567
17.123333,48.145702
17.133333,48.145839
17.143333,48.145978
17.153333,48.146118
17.163333,48.146261
17.173333,48.146406
17.183333,48.146552
17.193333,48.146701
17.203333,48.146851
17.213333,48.147004
17.223333,48.147158
17.233333,48.147314
17.243333,48.147472
17.253333,48.147631
17.263333,48.147793
17.273333,48.147956
17.283333,48.148121
17.293333,48.148287
17.303333,48.148455
17.313333,48.148625
17.323333,48.148797
17.333333,48.148970
17.343333,48.149145
17.353333,48.149321
17.363333,48.149499
17.373333,48.149678
17.383333,48.149859
17.393333,48.150041
17.403333,48.150225
17.413333,48.150410
17.423333,48.150597
17.433333,48.150785
17.443333,48.150975
17.453333,48.151165
17.463333,48.151358
17.473333,48.151551
17.483333,48.151746
17.493333,48.151942
17.503333,48.152139
17.513333,48.152338
17.523333,48.152537
17.533333,48.152738
17.543333,48.152940
17.553333,48.153143
17.563333,48.153348
17.573333,48.153553
17.583333,48.153760
17.593333,48.153967
17.603333,48.154176
17.613333,48.154386
17.623333,48.154597
17.633333,48.154808
17.643333,48.155021
17.653333,48.155234
17.663333,48.155449
17.673333,48.155664
17.683333,48.155881
17.693333,48.156098
17.703333,48.156316
17.713333,48.156535
17.723333,48.156754
17.733333,48.156975
17.743333,48.157196
17.753333,48.157418
17.763333,48.157640
17.773333,48.157864
17.783333,48.158088
17.793333,48.158313
17.803333,48.158538
17.813333,48.158764
17.823333,48.158991
17.833333,48.159218
17.843333,48.159446
17.853333,48.159674
17.863333,48.159903
17.873333,48.160132
17.883333,48.160362
17.893333,48.160592
17.903333,48.160823
17.913333,48.161055
17.923333,48.161286
17.933333,48.161518
17.943333,48.161751
17.953333,48.161984
17.963333,48.162217
17.973333,48.162450
17.983333,48.162684
17.993333,48.162919
18.003333,48.163153
18.013333,48.163388
18.023333,48.163623
18.033333,48.163858
18.043333,48.164093
18.053333,48.164329
18.063333,48.164565
18.073333,48.164801
18.083333,48.165037
18.093333,48.165273
18.103333,48.165509
18.113333,48.165746
18.123333,48.165982
18.133333,48.166219
18.143333,48.166456
18.153333,48.166692
18.163333,48.166929
18.173333,48.167166
18.183333,48.167402
18.193333,48.167639
18.203333,48.167876
18.213333,48.168112
18.223333,48.168349
18.233333,48.168585
18.243333,48.168821
18.253333,48.169057
18.263333,48.169293
18.273333,48.169529
18.283333,48.169765
18.293333,48.170000
18.303333,48.170236
18.313333,48.170471
18.323333,48.170706
18.333333,48.170940
18.343333,48.171175
18.353333,48.171409
18.363333,48.171643
18.373333,48.171876
18.383333,48.172109
18.393333,48.172342
18.403333,48.172575
18.413333,48.172807
18.423333,48.173039
18.433333,48.173270
18.443333,48.173501
18.453333,48.173732
18.463333,48.173962
18.473333,48.174192
18.483333,48.174421
18.493333,48.174650
18.503333,48.174878
18.513333,48.175106
18.523333,48.175334
18.533333,48.175561
18.543333,48.175787
18.553333,48.176013
18.563333,48.176238
18.573333,48.176463
18.583333,48.176688
18.593333,48.176911
18.603333,48.177134
18.613333,48.177357
18.623333,48.177579
18.633333,48.177800
18.643333,48.178021
18.653333,48.178240
18.663333,48.178460
18.673333,48.178678
18.683333,48.178896
18.693333,48.179114
18.703333,48.179330
18.713333,48.179546
18.723333,48.179761
18.733333,48.179976
18.743333,48.180190
18.753333,48.180403
18.763333,48.180615
18.773333,48.180826
18.783333,48.181037
18.793333,48.181247
18.803333,48.181456
18.813333,48.181664
18.823333,48.181872
18.833333,48.182079
18.843333,48.182284
18.853333,48.182489
18.863333,48.182694
18.873333,48.182897
18.883333,48.183099
18.893333,48.183301
18.903333,48.183502
18.913333,48.183702
18.923333,48.183900
18.933333,48.184099
18.943333,48.184296
18.953333,48.184492
18.963333,48.184687
18.973333,48.184881
18.983333,48.185075
18.993333,48.185267
19.003333,48.185459
19.013333,48.185649
19.023333,48.185839
19.033333,48.186028
19.043333,48.186215
19.053333,48.186402
19.063333,48.186587
19.073333,48.186772
19.083333,48.186956
19.093333,48.187138
19.103333,48.187320
19.113333,48.187501
19.123333,48.187680
19.133333,48.187859
19.143333,48.188036
19.153333,48.188212
19.163333,48.188388
19.173333,48.188562
19.183333,48.188735
19.193333,48.188908
19.203333,48.189079
19.213333,48.189249
19.223333,48.189418
19.233333,48.189586
19.243333,48.189752
19.253333,48.189918
19.263333,48.190083
19.273333,48.190246
19.283333,48.190408
19.293333,48.190570
19.303333,48.190730
19.313333,48.190889
19.323333,48.191047
19.333333,48.191204
19.343333,48.191359
19.353333,48.191514
19.363333,48.191667
19.373333,48.191819
19.383333,48.191970
19.393333,48.192120
19.403333,48.192269
19.413333,48.192417
19.423333,48.192563
19.433333,48.192708
19.443333,48.192853
19.453333,48.192996
19.463333,48.193137
19.473333,48.193278
19.483333,48.193418
19.493333,48.193556
19.503333,48.193693
19.513333,48.193829
19.523333,48.193964
19.533333,48.194097
19.543333,48.194230
19.553333,48.194361
19.563333,48.194491
19.573333,48.194620
19.583333,48.194747
19.593333,48.194874
19.603333,48.194999
19.613333,48.195123
19.623333,48.195246
19.633333,48.195368
19.643333,48.195488
19.653333,48.195608
19.663333,48.195726
19.673333,48.195843
19.683333,48.195958
19.693333,48.196073
19.703333,48.196186
19.713333,48.196298
19.723333,48.196409
19.733333,48.196519
19.743333,48.196628
19.753333,48.196735
19.763333,48.196841
19.773333,48.196946
19.783333,48.197050
19.793333,48.197152
19.803333,48.197254
19.813333,48.197354
19.823333,48.197453
19.833333,48.197551
19.843333,48.197647
19.853333,48.197743
19.863333,48.197837
19.873333,48.197930
19.883333,48.198021
19.893333,48.198112
19.903333,48.198202
19.913333,48.198290
19.923333,48.198377
19.933333,48.198463
19.943333,48.198547
19.953333,48.198631
19.963333,48.198713
19.973333,48.198794
19.983333,48.198874
19.993333,48.198953
20.003333,48.199031
20.013333,48.199107
20.023333,48.199183
20.033333,48.199257
20.043333,48.199330
20.053333,48.199401
20.063333,48.199472
20.073333,48.199542
20.083333,48.199610
20.093333,48.199677
20.103333,48.199743
20.113333,48.199808
20.123333,48.199872
20.133333,48.199934
20.143333,48.199996
20.153333,48.200056
20.163333,48.200115
20.173333,48.200173
20.183333,48.200230
20.193333,48.200286
20.203333,48.200341
20.213333,48.200394
20.223333,48.200447
20.233333,48.200498
20.243333,48.200548
20.253333,48.200598
20.263333,48.200646
20.273333,48.200693
20.283333,48.200738
20.293333,48.200783
20.303333,48.200827
20.313333,48.200869
20.323333,48.200911
20.333333,48.200951
20.343333,48.200991
20.353333,48.201029
20.363333,48.201066
20.373333,48.201103
20.383333,48.201138
20.393333,48.201172
20.403333,48.201205
20.413333,48.201237
20.423333,48.201268
20.433333,48.201298
20.443333,48.201326
20.453333,48.201354
20.463333,48.201381
20.473333,48.201407
20.483333,48.201432
20.493333,48.201456
20.503333,48.201478
20.513333,48.201500
20.523333,48.201521
20.533333,48.201541
20.543333,48.201560
20.553333,48.201578
20.563333,48.201594
20.573333,48.201610
20.583333,48.201625
20.593333,48.201639
20.603333,48.201652
20.613333,48.201664
20.623333,48.201675
20.633333,48.201686
20.643333,48.201695
20.653333,48.201703
20.663333,48.201711
20.673333,48.201717
20.683333,48.201723
20.693333,48.201727
20.703333,48.201731
20.713333,48.201734
20.723333,48.201736
20.733333,48.201737
20.743333,48.201737
20.753333,48.201736
20.763333,48.201735
20.773333,48.201732
20.783333,48.201729
20.793333,48.201725
20.803333,48.201720
20.813333,48.201714
20.823333,48.201708
20.833333,48.201700
20.843333,48.201692
20.853333,48.201683
20.863333,48.201673
20.873333,48.201662
20.883333,48.201650
20.893333,48.201638
20.903333,48.201625
20.913333,48.201611
20.923333,48.201596
20.933333,48.201580
20.943333,48.201564
20.953333,48.201547
20.963333,48.201529
20.973333,48.201510
20.983333,48.201491
20.993333,48.201471
21.003333,48.201450
21.013333,48.201429
21.023333,48.201406
21.033333,48.201383
21.043333,48.201360
21.053333,48.201335
21.063333,48.201310
21.073333,48.201284
21.083333,48.201258
21.093333,48.201231
21.103333,48.201203
21.113333,48.201174
21.123333,48.201145
21.133333,48.201115
21.143333,48.201085
21.153333,48.201053
21.163333,48.201022
21.173333,48.200989
21.183333,48.200956
21.193333,48.200922
21.203333,48.200888
21.213333,48.200853
21.223333,48.200818
21.233333,48.200781
21.243333,48.200745
21.253333,48.200707
21.263333,48.200670
21.273333,48.200631
21.283333,48.200592
21.293333,48.200552
21.303333,48.200512
21.313333,48.200472
21.323333,48.200430
21.333333,48.200389
21.343333,48.200346
21.353333,48.200303
21.363333,48.200260
21.373333,48.200216
21.383333,48.200172
21.393333,48.200127
21.403333,48.200082
21.413333,48.200036
21.423333,48.199989
21.433333,48.199942
21.443333,48.199895
21.453333,48.199847
21.463333,48.199799
21.473333,48.199750
21.483333,48.199701
21.493333,48.199652
21.503333,48.199602
21.513333,48.199551
21.523333,48.199500
21.533333,48.199449
21.543333,48.199397
21.553333,48.199345
21.563333,48.199293
21.573333,48.199240
21.583333,48.199187
21.593333,48.199133
21.603333,48.199079
21.613333,48.199024
21.623333,48.198970
21.633333,48.198914
21.643333,48.198859
21.653333,48.198803
21.663333,48.198747
21.673333,48.198690
21.683333,48.198633
21.693333,48.198576
21.703333,48.198519
21.713333,48.198461
21.723333,48.198403
21.733333,48.198344
21.743333,48.198286
21.753333,48.198227
21.763333,48.198167
21.773333,48.198108
21.783333,48.198048
21.793333,48.197988
21.803333,48.197927
21.813333,48.197867
21.823333,48.197806
21.833333,48.197745
21.843333,48.197683
21.853333,48.197622
21.863333,48.197560
21.873333,48.197498
21.883333,48.197436
21.893333,48.197373
21.903333,48.197311
21.913333,48.197248
21.923333,48.197185
21.933333,48.197121
21.943333,48.197058
21.953333,48.196994
21.963333,48.196930
21.973333,48.196866
21.983333,48.196802
21.993333,48.196738
22.003333,48.196673
22.013333,48.196609
22.023333,48.196544
22.033333,48.196479
22.043333,48.196414
22.053333,48.196349
22.063333,48.196284
22.073333,48.196218
22.083333,48.196153
22.093333,48.196087
22.103333,48.196022
22.113333,48.195956
22.123333,48.195890
22.133333,48.195824
22.143333,48.195758
22.153333,48.195692
22.163333,48.195625
22.173333,48.195559
22.183333,48.195493
22.193333,48.195426
22.203333,48.195360
22.213333,48.195293
22.223333,48.195227
22.233333,48.195160
22.243333,48.195094
22.253333,48.195027
22.263333,48.194960
22.273333,48.194894
22.283333,48.194827
22.293333,48.194760
22.303333,48.194693
22.313333,48.194627
22.323333,48.194560
22.333333,48.194493
22.343333,48.194426
22.353333,48.194360
22.363333,48.194293
22.373333,48.194226
22.383333,48.194160
22.393333,48.194093
22.403333,48.194026
22.413333,48.193960
22.423333,48.193893
22.433333,48.193827
22.443333,48.193761
22.453333,48.193694
22.463333,48.193628
22.473333,48.193562
22.483333,48.193496
22.493333,48.193430
22.503333,48.193364
22.513333,48.193298
22.523333,48.193232
22.533333,48.193166
22.543333,48.193100
22.553333,48.193035
22.563333,48.192969
22.573333,48.192904
22.583333,48.192839
22.593333,48.192774
22.603333,48.192709
22.613333,48.192644
22.623333,48.192579
22.633333,48.192514
22.643333,48.192450
22.653333,48.192385
22.663333,48.192321
22.673333,48.192257
22.683333,48.192193
22.693333,48.192129
22.703333,48.192066
22.713333,48.192002
22.723333,48.191939
22.733333,48.191875
22.743333,48.191812
22.753333,48.191750
22.763333,48.191687
22.773333,48.191624
22.783333,48.191562
22.793333,48.191500
22.803333,48.191438
22.813333,48.191376
22.823333,48.191314
22.833333,48.191253
22.843333,48.191192
22.853333,48.191130
22.863333,48.191070
22.873333,48.191009
22.883333,48.190948
22.893333,48.190888
22.903333,48.190828
22.913333,48.190768
22.923333,48.190709
22.933333,48.190649
22.943333,48.190590
22.953333,48.190531
22.963333,48.190472
22.973333,48.190414
22.983333,48.190356
22.993333,48.190298
23.003333,48.190240
23.013333,48.190182
23.023333,48.190125
23.033333,48.190068
23.043333,48.190011
23.053333,48.189954
23.063333,48.189898
23.073333,48.189842
23.083333,48.189786
23.093333,48.189731
23.103333,48.189675
23.113333,48.189620
23.123333,48.189565
23.133333,48.189511
23.143333,48.189457
23.153333,48.189402
23.163333,48.189349
23.173333,48.189295
23.183333,48.189242
23.193333,48.189189
23.203333,48.189137
23.213333,48.189084
23.223333,48.189032
23.233333,48.188980
23.243333,48.188929
23.253333,48.188878
23.263333,48.188827
23.273333,48.188776
23.283333,48.188726
23.293333,48.188675
23.303333,48.188626
23.313333,48.188576
23.323333,48.188527
23.333333,48.188478
23.343333,48.188430
23.353333,48.188381
23.363333,48.188333
23.373333,48.188286
23.383333,48.188238
23.393333,48.188191
23.403333,48.188144
23.413333,48.188098
23.423333,48.188052
23.433333,48.188006
23.443333,48.187960
23.453333,48.187915
23.463333,48.187870
23.473333,48.187826
23.483333,48.187782
23.493333,48.187738
23.503333,48.187694
23.513333,48.187651
23.523333,48.187608
23.533333,48.187565
23.543333,48.187523
23.553333,48.187481
23.563333,48.187439
23.573333,48.187398
23.583333,48.187357
23.593333,48.187316
23.603333,48.187275
23.613333,48.187235
23.623333,48.187196
23.633333,48.187156
23.643333,48.187117
23.653333,48.187078
23.663333,48.187040
23.673333,48.187002
23.683333,48.186964
23.693333,48.186927
23.703333,48.186890
23.713333,48.186853
23.723333,48.186816
23.733333,48.186780
23.743333,48.186745
23.753333,48.186709
23.763333,48.186674
23.773333,48.186639
23.783333,48.186605
23.793333,48.186571
23.803333,48.186537
23.813333,48.186504
23.823333,48.186470
23.833333,48.186438
23.843333,48.186405
23.853333,48.186373
23.863333,48.186341
23.873333,48.186310
23.883333,48.186279
23.893333,48.186248
23.903333,48.186218
23.913333,48.186188
23.923333,48.186158
23.933333,48.186129
23.943333,48.186100
23.953333,48.186071
23.963333,48.186043
23.973333,48.186015
23.983333,48.185987
23.993333,48.185959
24.003333,48.185932
24.013333,48.185906
24.023333,48.185879
24.033333,48.185853
24.043333,48.185828
24.053333,48.185802
24.063333,48.185777
24.073333,48.185752
24.083333,48.185728
24.093333,48.185704
24.103333,48.185680
24.113333,48.185657
24.123333,48.185634
24.133333,48.185611
24.143333,48.185589
24.153333,48.185567
24.163333,48.185545
24.173333,48.185524
24.183333,48.185503
24.193333,48.185482
24.203333,48.185461
24.213333,48.185441
24.223333,48.185422
24.233333,48.185402
24.243333,48.185383
24.253333,48.185364
24.263333,48.185346
24.273333,48.185327
24.283333,48.185310
24.293333,48.185292
24.303333,48.185275
24.313333,48.185258
24.323333,48.185241
24.333333,48.185225
24.343333,48.185209
24.353333,48.185194
24.363333,48.185178
24.373333,48.185163
24.383333,48.185149
24.393333,48.185134
24.403333,48.185120
24.413333,48.185106
24.423333,48.185093
24.433333,48.185080
24.443333,48.185067
24.453333,48.185054
24.463333,48.185042
24.473333,48.185030
24.483333,48.185019
24.493333,48.185007
24.503333,48.184996
24.513333,48.184986
24.523333,48.184975
24.533333,48.184965
24.543333,48.184955
24.553333,48.184946
24.563333,48.184936
24.573333,48.184927
24.583333,48.184919
24.593333,48.184910
24.603333,48.184902
24.613333,48.184894
24.623333,48.184887
24.633333,48.184880
24.643333,48.184873
24.653333,48.184866
24.663333,48.184860
24.673333,48.184853
24.683333,48.184848
24.693333,48.184842
24.703333,48.184837
24.713333,48.184832
24.723333,48.184827
24.733333,48.184823
24.743333,48.184818
24.753333,48.184814
24.763333,48.184811
24.773333,48.184807
24.783333,48.184804
24.793333,48.184801
24.803333,48.184799
24.813333,48.184796
24.823333,48.184794
24.833333,48.184792
24.843333,48.184791
24.853333,48.184789
24.863333,48.184788
24.873333,48.184788
24.883333,48.184787
24.893333,48.184787
24.903333,48.184787
24.913333,48.184787
24.923333,48.184787
24.933333,48.184788
24.943333,48.184789
24.953333,48.184790
24.963333,48.184791
24.973333,48.184793
24.983333,48.184795
24.993333,48.184797
